sgRNA	gene	REP1_Q1	REP1_Q2	REP1_Q3	REP1_Q4	REP2_Q1	REP2_Q2	REP2_Q3	REP2_Q4	REP3_Q1	REP3_Q2	REP3_Q3	REP3_Q4	REP1_PreSort	REP2_PreSort	REP3_PreSort	Plasmid_Library	REP1_Q1Q2	REP2_Q1Q2	REP3_Q1Q2
pegRNA_1	p.R601L	82.0	126.0	57.0	107.0	152.0	135.0	135.0	110.0	76.0	149.0	132.0	94.0	77.0	80.0	95.0	190.0	208.0	287.0	225.0
pegRNA_2	p.R601L	257.0	361.0	205.0	341.0	442.0	461.0	380.0	508.0	284.0	505.0	339.0	314.0	252.0	288.0	317.0	407.0	618.0	903.0	789.0
pegRNA_3	p.R601L	132.0	94.0	103.0	131.0	145.0	83.0	183.0	175.0	100.0	889.0	118.0	99.0	114.0	114.0	123.0	380.0	226.0	228.0	989.0
pegRNA_4	p.R601L	20.0	84.0	27.0	44.0	137.0	57.0	58.0	99.0	67.0	110.0	48.0	49.0	61.0	74.0	69.0	193.0	104.0	194.0	177.0
pegRNA_5	p.R601L	140.0	147.0	124.0	88.0	246.0	214.0	189.0	159.0	204.0	141.0	186.0	86.0	123.0	119.0	143.0	257.0	287.0	460.0	345.0
pegRNA_6	p.V155F	341.0	539.0	305.0	438.0	420.0	372.0	518.0	540.0	433.0	562.0	449.0	447.0	590.0	635.0	485.0	1382.0	880.0	792.0	995.0
pegRNA_7	p.V155F	483.0	773.0	406.0	570.0	720.0	670.0	708.0	900.0	540.0	765.0	820.0	527.0	773.0	811.0	654.0	1501.0	1256.0	1390.0	1305.0
pegRNA_8	p.V155F	66.0	133.0	71.0	109.0	80.0	71.0	80.0	122.0	73.0	106.0	154.0	99.0	113.0	143.0	90.0	171.0	199.0	151.0	179.0
pegRNA_9	p.V155F	41.0	85.0	39.0	33.0	57.0	44.0	26.0	44.0	39.0	49.0	72.0	42.0	38.0	33.0	43.0	124.0	126.0	101.0	88.0
pegRNA_10	p.V155F	46.0	81.0	65.0	53.0	113.0	82.0	55.0	73.0	65.0	53.0	84.0	68.0	52.0	57.0	66.0	166.0	127.0	195.0	118.0
pegRNA_11	p.G333C	32.0	47.0	32.0	21.0	49.0	22.0	56.0	33.0	26.0	28.0	19.0	56.0	49.0	29.0	38.0	122.0	79.0	71.0	54.0
pegRNA_12	p.G333C	77.0	217.0	128.0	164.0	203.0	155.0	221.0	186.0	203.0	168.0	184.0	114.0	193.0	143.0	164.0	331.0	294.0	358.0	371.0
pegRNA_13	p.G333C	15.0	76.0	31.0	24.0	92.0	33.0	75.0	62.0	60.0	40.0	45.0	33.0	52.0	83.0	67.0	134.0	91.0	125.0	100.0
pegRNA_14	p.G333C	108.0	135.0	77.0	86.0	243.0	115.0	190.0	139.0	111.0	93.0	111.0	105.0	108.0	65.0	99.0	293.0	243.0	358.0	204.0
pegRNA_15	p.G333C	22.0	46.0	33.0	42.0	53.0	32.0	43.0	23.0	29.0	38.0	45.0	19.0	21.0	28.0	27.0	118.0	68.0	85.0	67.0
pegRNA_16	p.G186C	122.0	285.0	211.0	239.0	259.0	164.0	192.0	283.0	184.0	235.0	223.0	206.0	203.0	232.0	211.0	360.0	407.0	423.0	419.0
pegRNA_17	p.G186C	88.0	190.0	96.0	115.0	206.0	97.0	183.0	183.0	192.0	134.0	146.0	104.0	138.0	124.0	97.0	247.0	278.0	303.0	326.0
pegRNA_18	p.G186C	187.0	350.0	285.0	341.0	309.0	223.0	307.0	400.0	225.0	274.0	361.0	288.0	277.0	260.0	210.0	506.0	537.0	532.0	499.0
pegRNA_19	p.G186C	65.0	115.0	49.0	70.0	175.0	95.0	141.0	92.0	86.0	131.0	116.0	90.0	62.0	91.0	81.0	254.0	180.0	270.0	217.0
pegRNA_20	p.G186C	39.0	46.0	40.0	46.0	91.0	49.0	72.0	44.0	61.0	55.0	63.0	38.0	32.0	38.0	26.0	108.0	85.0	140.0	116.0
pegRNA_21	p.G364C	1.0	3.0	0.0	4.0	10.0	4.0	1.0	1.0	3.0	3.0	9.0	1.0	2.0	1.0	1.0	11.0	4.0	14.0	6.0
pegRNA_22	p.G364C	40.0	79.0	39.0	34.0	85.0	29.0	128.0	150.0	30.0	90.0	60.0	41.0	85.0	59.0	79.0	196.0	119.0	114.0	120.0
pegRNA_23	p.G364C	3.0	34.0	20.0	2.0	3.0	27.0	8.0	17.0	2.0	10.0	6.0	0.0	5.0	12.0	6.0	50.0	37.0	30.0	12.0
pegRNA_24	p.G364C	7.0	29.0	3.0	57.0	33.0	37.0	5.0	18.0	15.0	20.0	25.0	2.0	18.0	15.0	15.0	106.0	36.0	70.0	35.0
pegRNA_25	p.G364C	18.0	26.0	9.0	22.0	40.0	11.0	12.0	35.0	29.0	19.0	21.0	18.0	10.0	12.0	18.0	138.0	44.0	51.0	48.0
pegRNA_26	p.G430C	7.0	20.0	15.0	18.0	23.0	20.0	40.0	16.0	18.0	45.0	41.0	21.0	13.0	20.0	30.0	91.0	27.0	43.0	63.0
pegRNA_27	p.G430C	39.0	38.0	45.0	34.0	70.0	64.0	52.0	95.0	85.0	93.0	94.0	85.0	47.0	69.0	61.0	173.0	77.0	134.0	178.0
pegRNA_28	p.G430C	0.0	2.0	0.0	1.0	5.0	2.0	1.0	2.0	0.0	3.0	2.0	8.0	1.0	3.0	1.0	18.0	2.0	7.0	3.0
pegRNA_29	p.G430C	230.0	280.0	178.0	127.0	450.0	273.0	283.0	285.0	248.0	251.0	244.0	126.0	218.0	152.0	233.0	411.0	510.0	723.0	499.0
pegRNA_30	p.G430C	116.0	124.0	110.0	113.0	255.0	169.0	176.0	162.0	160.0	108.0	111.0	118.0	150.0	125.0	143.0	293.0	240.0	424.0	268.0
pegRNA_31	p.R272C	4.0	3.0	11.0	26.0	15.0	12.0	12.0	26.0	1.0	17.0	6.0	16.0	16.0	16.0	16.0	66.0	7.0	27.0	18.0
pegRNA_32	p.R272C	26.0	48.0	32.0	37.0	57.0	38.0	21.0	47.0	36.0	52.0	91.0	53.0	29.0	29.0	56.0	133.0	74.0	95.0	88.0
pegRNA_33	p.R272C	36.0	13.0	15.0	34.0	37.0	20.0	23.0	31.0	27.0	23.0	8.0	13.0	14.0	10.0	22.0	37.0	49.0	57.0	50.0
pegRNA_34	p.R272C	55.0	100.0	38.0	64.0	82.0	73.0	53.0	142.0	86.0	81.0	93.0	56.0	53.0	50.0	55.0	228.0	155.0	155.0	167.0
pegRNA_35	p.R272C	43.0	88.0	49.0	72.0	133.0	94.0	101.0	116.0	61.0	172.0	95.0	74.0	87.0	89.0	85.0	98.0	131.0	227.0	233.0
pegRNA_36	p.G480W	353.0	632.0	226.0	405.0	613.0	561.0	442.0	582.0	373.0	658.0	687.0	380.0	502.0	597.0	440.0	872.0	985.0	1174.0	1031.0
pegRNA_37	p.G480W	229.0	218.0	144.0	225.0	335.0	271.0	246.0	277.0	199.0	339.0	336.0	225.0	246.0	315.0	208.0	461.0	447.0	606.0	538.0
pegRNA_38	p.G480W	103.0	191.0	167.0	117.0	171.0	108.0	142.0	182.0	277.0	153.0	189.0	138.0	158.0	155.0	132.0	249.0	294.0	279.0	430.0
pegRNA_39	p.G480W	220.0	289.0	165.0	236.0	368.0	304.0	287.0	453.0	260.0	450.0	438.0	207.0	238.0	314.0	231.0	453.0	509.0	672.0	710.0
pegRNA_40	p.G480W	40.0	67.0	51.0	47.0	72.0	48.0	89.0	80.0	96.0	62.0	51.0	41.0	59.0	42.0	39.0	145.0	107.0	120.0	158.0
pegRNA_41	p.R320L	76.0	137.0	64.0	112.0	123.0	129.0	124.0	165.0	58.0	151.0	158.0	83.0	86.0	92.0	100.0	239.0	213.0	252.0	209.0
pegRNA_42	p.R320L	38.0	41.0	25.0	55.0	46.0	24.0	64.0	78.0	19.0	52.0	50.0	50.0	47.0	34.0	44.0	157.0	79.0	70.0	71.0
pegRNA_43	p.R320L	27.0	56.0	30.0	31.0	69.0	36.0	60.0	111.0	37.0	83.0	83.0	18.0	51.0	34.0	65.0	147.0	83.0	105.0	120.0
pegRNA_44	p.R320L	201.0	222.0	105.0	172.0	133.0	133.0	191.0	307.0	102.0	224.0	163.0	106.0	124.0	110.0	149.0	422.0	423.0	266.0	326.0
pegRNA_45	p.R320L	69.0	73.0	43.0	95.0	104.0	61.0	52.0	101.0	57.0	94.0	93.0	53.0	35.0	53.0	54.0	160.0	142.0	165.0	151.0
pegRNA_46	p.R320Q	83.0	165.0	124.0	130.0	234.0	199.0	114.0	262.0	88.0	182.0	147.0	68.0	103.0	94.0	111.0	224.0	248.0	433.0	270.0
pegRNA_47	p.R320Q	27.0	52.0	33.0	81.0	58.0	53.0	59.0	109.0	32.0	31.0	95.0	47.0	22.0	51.0	18.0	171.0	79.0	111.0	63.0
pegRNA_48	p.R320Q	20.0	56.0	24.0	83.0	43.0	36.0	56.0	89.0	38.0	82.0	59.0	50.0	43.0	33.0	36.0	166.0	76.0	79.0	120.0
pegRNA_49	p.R320Q	117.0	177.0	70.0	151.0	165.0	139.0	114.0	310.0	136.0	131.0	134.0	113.0	102.0	104.0	136.0	336.0	294.0	304.0	267.0
pegRNA_50	p.R320Q	78.0	77.0	30.0	50.0	73.0	77.0	72.0	78.0	48.0	81.0	81.0	17.0	41.0	54.0	50.0	149.0	155.0	150.0	129.0
pegRNA_51	p.R362Q	4.0	18.0	7.0	12.0	24.0	17.0	14.0	39.0	16.0	11.0	24.0	38.0	25.0	19.0	14.0	57.0	22.0	41.0	27.0
pegRNA_52	p.R362Q	21.0	15.0	5.0	11.0	15.0	8.0	13.0	23.0	10.0	10.0	23.0	8.0	6.0	5.0	11.0	44.0	36.0	23.0	20.0
pegRNA_53	p.R362Q	65.0	122.0	32.0	52.0	77.0	39.0	61.0	47.0	26.0	53.0	66.0	39.0	33.0	40.0	38.0	183.0	187.0	116.0	79.0
pegRNA_54	p.R362Q	37.0	31.0	4.0	35.0	43.0	19.0	18.0	59.0	5.0	41.0	46.0	7.0	13.0	31.0	22.0	130.0	68.0	62.0	46.0
pegRNA_55	p.R362Q	20.0	17.0	9.0	18.0	5.0	7.0	7.0	21.0	12.0	6.0	19.0	2.0	8.0	7.0	4.0	75.0	37.0	12.0	18.0
pegRNA_56	p.G462V	42.0	64.0	51.0	70.0	133.0	98.0	99.0	73.0	65.0	84.0	74.0	52.0	57.0	55.0	63.0	173.0	106.0	231.0	149.0
pegRNA_57	p.G462V	51.0	62.0	36.0	57.0	81.0	79.0	104.0	53.0	79.0	48.0	55.0	55.0	48.0	34.0	61.0	96.0	113.0	160.0	127.0
pegRNA_58	p.G462V	67.0	203.0	122.0	133.0	153.0	147.0	165.0	176.0	223.0	180.0	162.0	112.0	152.0	167.0	123.0	375.0	270.0	300.0	403.0
pegRNA_59	p.G462V	80.0	114.0	71.0	59.0	180.0	77.0	149.0	124.0	168.0	165.0	121.0	64.0	98.0	111.0	93.0	244.0	194.0	257.0	333.0
pegRNA_60	p.G462V	16.0	23.0	16.0	21.0	41.0	24.0	44.0	30.0	42.0	32.0	29.0	23.0	30.0	11.0	17.0	51.0	39.0	65.0	74.0
pegRNA_61	p.C297F	66.0	99.0	53.0	55.0	138.0	82.0	71.0	122.0	87.0	84.0	57.0	75.0	68.0	112.0	74.0	270.0	165.0	220.0	171.0
pegRNA_62	p.C297F	18.0	42.0	28.0	21.0	33.0	18.0	37.0	26.0	50.0	27.0	47.0	28.0	26.0	25.0	28.0	132.0	60.0	51.0	77.0
pegRNA_63	p.C297F	21.0	55.0	31.0	33.0	41.0	15.0	19.0	37.0	47.0	34.0	36.0	32.0	27.0	28.0	15.0	135.0	76.0	56.0	81.0
pegRNA_64	p.C297F	63.0	88.0	64.0	86.0	112.0	79.0	47.0	95.0	70.0	62.0	148.0	51.0	53.0	60.0	45.0	178.0	151.0	191.0	132.0
pegRNA_65	p.C297F	408.0	554.0	249.0	286.0	557.0	447.0	427.0	558.0	348.0	528.0	558.0	364.0	471.0	486.0	432.0	672.0	962.0	1004.0	876.0
pegRNA_66	p.G332C	33.0	42.0	47.0	25.0	77.0	28.0	53.0	14.0	67.0	22.0	35.0	41.0	35.0	42.0	56.0	108.0	75.0	105.0	89.0
pegRNA_67	p.G332C	188.0	208.0	177.0	231.0	248.0	199.0	261.0	313.0	194.0	249.0	204.0	148.0	187.0	238.0	214.0	486.0	396.0	447.0	443.0
pegRNA_68	p.G332C	143.0	213.0	189.0	151.0	306.0	115.0	284.0	167.0	231.0	198.0	226.0	132.0	243.0	218.0	186.0	443.0	356.0	421.0	429.0
pegRNA_69	p.G332C	1.0	43.0	62.0	33.0	64.0	102.0	101.0	39.0	24.0	59.0	70.0	25.0	66.0	43.0	68.0	130.0	44.0	166.0	83.0
pegRNA_70	p.G332C	24.0	40.0	32.0	34.0	52.0	30.0	40.0	80.0	31.0	38.0	37.0	26.0	15.0	25.0	18.0	114.0	64.0	82.0	69.0
pegRNA_71	p.P278S	2.0	13.0	11.0	17.0	18.0	19.0	16.0	27.0	31.0	24.0	22.0	24.0	11.0	11.0	11.0	84.0	15.0	37.0	55.0
pegRNA_72	p.P278S	8.0	7.0	7.0	7.0	8.0	4.0	12.0	5.0	13.0	20.0	14.0	5.0	11.0	6.0	3.0	35.0	15.0	12.0	33.0
pegRNA_73	p.P278S	32.0	60.0	45.0	26.0	43.0	35.0	42.0	53.0	52.0	31.0	48.0	26.0	43.0	29.0	29.0	145.0	92.0	78.0	83.0
pegRNA_74	p.P278S	49.0	103.0	39.0	44.0	77.0	44.0	92.0	56.0	62.0	64.0	89.0	47.0	43.0	64.0	57.0	147.0	152.0	121.0	126.0
pegRNA_75	p.P278S	232.0	232.0	292.0	329.0	384.0	326.0	409.0	372.0	331.0	287.0	335.0	200.0	342.0	322.0	352.0	508.0	464.0	710.0	618.0
pegRNA_76	p.R413C	158.0	203.0	174.0	229.0	273.0	209.0	273.0	265.0	214.0	306.0	133.0	212.0	217.0	194.0	214.0	492.0	361.0	482.0	520.0
pegRNA_77	p.R413C	120.0	248.0	107.0	207.0	214.0	188.0	246.0	236.0	187.0	191.0	129.0	139.0	143.0	165.0	207.0	505.0	368.0	402.0	378.0
pegRNA_78	p.R413C	84.0	66.0	17.0	50.0	74.0	48.0	26.0	86.0	40.0	44.0	50.0	35.0	33.0	21.0	29.0	213.0	150.0	122.0	84.0
pegRNA_79	p.R413C	258.0	346.0	164.0	218.0	351.0	193.0	233.0	417.0	179.0	340.0	281.0	168.0	193.0	160.0	230.0	684.0	604.0	544.0	519.0
pegRNA_80	p.R413C	71.0	120.0	55.0	125.0	141.0	87.0	118.0	190.0	76.0	157.0	132.0	95.0	72.0	75.0	108.0	330.0	191.0	228.0	233.0
pegRNA_81	p.R413L	181.0	226.0	151.0	183.0	204.0	288.0	333.0	276.0	215.0	215.0	178.0	189.0	180.0	196.0	194.0	501.0	407.0	492.0	430.0
pegRNA_82	p.R413L	131.0	145.0	127.0	165.0	190.0	179.0	243.0	149.0	133.0	150.0	133.0	105.0	221.0	167.0	164.0	699.0	276.0	369.0	283.0
pegRNA_83	p.R413L	28.0	37.0	21.0	41.0	55.0	16.0	17.0	65.0	24.0	23.0	37.0	14.0	28.0	14.0	14.0	125.0	65.0	71.0	47.0
pegRNA_84	p.R413L	96.0	82.0	64.0	111.0	104.0	99.0	150.0	179.0	69.0	139.0	150.0	89.0	64.0	91.0	106.0	266.0	178.0	203.0	208.0
pegRNA_85	p.R413L	138.0	188.0	104.0	149.0	171.0	166.0	179.0	203.0	157.0	187.0	155.0	86.0	100.0	112.0	110.0	415.0	326.0	337.0	344.0
pegRNA_86	p.L237V	65.0	123.0	109.0	107.0	153.0	96.0	132.0	137.0	113.0	135.0	87.0	80.0	109.0	69.0	90.0	229.0	188.0	249.0	248.0
pegRNA_87	p.L237V	62.0	71.0	55.0	58.0	115.0	84.0	100.0	127.0	57.0	99.0	67.0	57.0	58.0	55.0	75.0	214.0	133.0	199.0	156.0
pegRNA_88	p.L237V	180.0	264.0	197.0	226.0	377.0	445.0	385.0	253.0	262.0	381.0	241.0	256.0	230.0	192.0	305.0	521.0	444.0	822.0	643.0
pegRNA_89	p.L237V	5.0	5.0	5.0	11.0	6.0	10.0	10.0	13.0	9.0	12.0	9.0	17.0	10.0	8.0	17.0	14.0	10.0	16.0	21.0
pegRNA_90	p.L237V	56.0	66.0	51.0	105.0	70.0	41.0	55.0	61.0	56.0	31.0	28.0	34.0	60.0	29.0	49.0	150.0	122.0	111.0	87.0
pegRNA_91	p.H311R	566.0	813.0	553.0	512.0	826.0	732.0	695.0	781.0	644.0	925.0	917.0	511.0	693.0	723.0	619.0	916.0	1379.0	1558.0	1569.0
pegRNA_92	p.H311R	75.0	172.0	146.0	110.0	227.0	168.0	203.0	152.0	142.0	172.0	117.0	159.0	171.0	125.0	171.0	239.0	247.0	395.0	314.0
pegRNA_93	p.H311R	55.0	140.0	98.0	92.0	121.0	141.0	212.0	176.0	150.0	173.0	114.0	86.0	158.0	108.0	132.0	270.0	195.0	262.0	323.0
pegRNA_94	p.H311R	35.0	42.0	37.0	33.0	62.0	30.0	60.0	60.0	73.0	40.0	65.0	38.0	45.0	44.0	50.0	131.0	77.0	92.0	113.0
pegRNA_95	p.H311R	6.0	2.0	4.0	5.0	2.0	39.0	19.0	54.0	18.0	18.0	8.0	6.0	4.0	20.0	13.0	79.0	8.0	41.0	36.0
pegRNA_96	p.G603V	38.0	95.0	59.0	55.0	78.0	155.0	95.0	107.0	88.0	121.0	53.0	55.0	65.0	92.0	66.0	175.0	133.0	233.0	209.0
pegRNA_97	p.G603V	22.0	19.0	19.0	26.0	36.0	39.0	25.0	68.0	38.0	43.0	28.0	24.0	26.0	21.0	36.0	101.0	41.0	75.0	81.0
pegRNA_98	p.G603V	1.0	27.0	14.0	11.0	34.0	26.0	19.0	29.0	26.0	32.0	0.0	13.0	18.0	21.0	13.0	75.0	28.0	60.0	58.0
pegRNA_99	p.G603V	108.0	189.0	101.0	176.0	238.0	228.0	152.0	278.0	123.0	242.0	150.0	112.0	115.0	140.0	175.0	259.0	297.0	466.0	365.0
pegRNA_100	p.G603V	8.0	21.0	24.0	50.0	30.0	36.0	41.0	42.0	57.0	30.0	41.0	33.0	40.0	46.0	37.0	106.0	29.0	66.0	87.0
pegRNA_101	p.E192K	120.0	209.0	143.0	119.0	203.0	171.0	231.0	187.0	225.0	251.0	256.0	142.0	156.0	190.0	162.0	302.0	329.0	374.0	476.0
pegRNA_102	p.E192K	121.0	95.0	96.0	68.0	173.0	87.0	78.0	98.0	103.0	147.0	125.0	79.0	106.0	119.0	98.0	306.0	216.0	260.0	250.0
pegRNA_103	p.E192K	104.0	222.0	132.0	125.0	216.0	147.0	181.0	207.0	204.0	225.0	233.0	135.0	209.0	203.0	152.0	365.0	326.0	363.0	429.0
pegRNA_104	p.E192K	75.0	132.0	83.0	100.0	133.0	55.0	98.0	123.0	88.0	157.0	138.0	66.0	81.0	59.0	77.0	268.0	207.0	188.0	245.0
pegRNA_105	p.E192K	67.0	84.0	78.0	96.0	119.0	70.0	72.0	79.0	116.0	91.0	110.0	67.0	85.0	64.0	72.0	153.0	151.0	189.0	207.0
pegRNA_106	p.L281M	38.0	40.0	33.0	33.0	59.0	25.0	44.0	62.0	56.0	35.0	45.0	33.0	39.0	39.0	44.0	111.0	78.0	84.0	91.0
pegRNA_107	p.L281M	79.0	113.0	116.0	109.0	98.0	116.0	144.0	104.0	123.0	143.0	124.0	89.0	110.0	127.0	93.0	233.0	192.0	214.0	266.0
pegRNA_108	p.L281M	33.0	13.0	7.0	19.0	18.0	5.0	12.0	28.0	14.0	7.0	19.0	14.0	12.0	7.0	5.0	24.0	46.0	23.0	21.0
pegRNA_109	p.L281M	91.0	161.0	103.0	81.0	139.0	115.0	101.0	169.0	114.0	107.0	133.0	84.0	117.0	154.0	125.0	272.0	252.0	254.0	221.0
pegRNA_110	p.L281M	43.0	75.0	69.0	58.0	81.0	30.0	38.0	47.0	23.0	54.0	45.0	41.0	43.0	56.0	37.0	149.0	118.0	111.0	77.0
pegRNA_111	p.W252C	87.0	112.0	54.0	90.0	72.0	68.0	54.0	80.0	76.0	89.0	122.0	54.0	58.0	82.0	64.0	220.0	199.0	140.0	165.0
pegRNA_112	p.W252C	101.0	136.0	103.0	96.0	145.0	97.0	79.0	130.0	111.0	106.0	134.0	82.0	96.0	101.0	83.0	333.0	237.0	242.0	217.0
pegRNA_113	p.W252C	147.0	303.0	134.0	194.0	246.0	152.0	157.0	182.0	183.0	166.0	226.0	153.0	224.0	187.0	166.0	546.0	450.0	398.0	349.0
pegRNA_114	p.W252C	454.0	686.0	306.0	449.0	665.0	411.0	502.0	571.0	425.0	616.0	631.0	442.0	628.0	699.0	529.0	1163.0	1140.0	1076.0	1041.0
pegRNA_115	p.W252C	3.0	22.0	4.0	6.0	13.0	6.0	7.0	18.0	3.0	5.0	6.0	5.0	9.0	11.0	3.0	36.0	25.0	19.0	8.0
pegRNA_116	p.V568F	76.0	113.0	70.0	92.0	118.0	109.0	131.0	140.0	59.0	152.0	160.0	71.0	95.0	94.0	85.0	219.0	189.0	227.0	211.0
pegRNA_117	p.V568F	37.0	47.0	20.0	34.0	45.0	23.0	27.0	24.0	29.0	23.0	33.0	26.0	21.0	40.0	18.0	152.0	84.0	68.0	52.0
pegRNA_118	p.V568F	13.0	19.0	18.0	21.0	18.0	7.0	19.0	39.0	29.0	18.0	31.0	14.0	10.0	13.0	10.0	35.0	32.0	25.0	47.0
pegRNA_119	p.V568F	51.0	75.0	45.0	57.0	80.0	73.0	55.0	117.0	64.0	74.0	128.0	52.0	60.0	75.0	51.0	134.0	126.0	153.0	138.0
pegRNA_120	p.V568F	153.0	191.0	98.0	150.0	213.0	96.0	129.0	176.0	161.0	162.0	222.0	129.0	103.0	127.0	105.0	277.0	344.0	309.0	323.0
pegRNA_121	p.R71L	36.0	75.0	50.0	65.0	58.0	35.0	78.0	63.0	55.0	64.0	65.0	38.0	43.0	78.0	45.0	250.0	111.0	93.0	119.0
pegRNA_122	p.R71L	478.0	1150.0	616.0	593.0	994.0	717.0	847.0	1093.0	651.0	927.0	838.0	679.0	1102.0	1190.0	1022.0	1269.0	1628.0	1711.0	1578.0
pegRNA_123	p.R71L	85.0	150.0	96.0	113.0	105.0	100.0	151.0	118.0	109.0	85.0	123.0	108.0	104.0	118.0	110.0	394.0	235.0	205.0	194.0
pegRNA_124	p.R71L	491.0	959.0	656.0	605.0	990.0	778.0	805.0	1079.0	718.0	1076.0	980.0	652.0	1143.0	1296.0	1135.0	1375.0	1450.0	1768.0	1794.0
pegRNA_125	p.R71L	341.0	558.0	261.0	353.0	566.0	468.0	527.0	466.0	399.0	635.0	625.0	365.0	410.0	519.0	363.0	845.0	899.0	1034.0	1034.0
pegRNA_126	p.R234W	307.0	383.0	227.0	170.0	456.0	374.0	445.0	300.0	465.0	303.0	335.0	200.0	348.0	329.0	334.0	728.0	690.0	830.0	768.0
pegRNA_127	p.R234W	219.0	163.0	169.0	135.0	283.0	113.0	232.0	206.0	207.0	124.0	167.0	155.0	188.0	181.0	162.0	509.0	382.0	396.0	331.0
pegRNA_128	p.R234W	30.0	63.0	95.0	135.0	83.0	115.0	88.0	125.0	67.0	66.0	71.0	44.0	116.0	117.0	65.0	283.0	93.0	198.0	133.0
pegRNA_129	p.R234W	43.0	138.0	96.0	110.0	181.0	103.0	118.0	113.0	117.0	126.0	180.0	78.0	89.0	131.0	73.0	251.0	181.0	284.0	243.0
pegRNA_130	p.R234W	21.0	18.0	12.0	19.0	36.0	15.0	11.0	23.0	18.0	18.0	8.0	12.0	15.0	13.0	12.0	39.0	39.0	51.0	36.0
pegRNA_131	p.N414I	290.0	358.0	131.0	320.0	270.0	229.0	253.0	504.0	240.0	347.0	255.0	213.0	231.0	209.0	272.0	701.0	648.0	499.0	587.0
pegRNA_132	p.N414I	195.0	359.0	183.0	322.0	318.0	333.0	305.0	481.0	225.0	400.0	292.0	197.0	272.0	250.0	289.0	729.0	554.0	651.0	625.0
pegRNA_133	p.N414I	334.0	432.0	228.0	358.0	318.0	345.0	460.0	528.0	267.0	459.0	332.0	266.0	321.0	344.0	391.0	739.0	766.0	663.0	726.0
pegRNA_134	p.N414I	218.0	222.0	101.0	200.0	218.0	230.0	161.0	349.0	167.0	226.0	201.0	155.0	151.0	160.0	153.0	580.0	440.0	448.0	393.0
pegRNA_135	p.N414I	177.0	241.0	112.0	115.0	149.0	126.0	190.0	327.0	90.0	224.0	177.0	122.0	151.0	176.0	147.0	595.0	418.0	275.0	314.0
pegRNA_136	p.V369L	15.0	6.0	1.0	45.0	2.0	30.0	22.0	3.0	57.0	47.0	26.0	17.0	17.0	37.0	41.0	50.0	21.0	32.0	104.0
pegRNA_137	p.V369L	14.0	8.0	6.0	3.0	26.0	9.0	16.0	15.0	7.0	38.0	12.0	7.0	11.0	11.0	9.0	31.0	22.0	35.0	45.0
pegRNA_138	p.V369L	10.0	30.0	7.0	7.0	24.0	8.0	11.0	34.0	15.0	31.0	16.0	20.0	11.0	7.0	13.0	67.0	40.0	32.0	46.0
pegRNA_139	p.V369L	0.0	28.0	0.0	26.0	11.0	7.0	6.0	72.0	2.0	23.0	11.0	9.0	7.0	10.0	15.0	24.0	28.0	18.0	25.0
pegRNA_140	p.V369L	22.0	15.0	0.0	10.0	14.0	3.0	17.0	43.0	10.0	25.0	3.0	11.0	10.0	14.0	16.0	34.0	37.0	17.0	35.0
pegRNA_141	p.H274R	35.0	68.0	36.0	81.0	66.0	24.0	52.0	70.0	33.0	25.0	17.0	50.0	35.0	39.0	27.0	93.0	103.0	90.0	58.0
pegRNA_142	p.H274R	12.0	23.0	18.0	36.0	24.0	25.0	38.0	73.0	12.0	24.0	16.0	41.0	20.0	15.0	11.0	79.0	35.0	49.0	36.0
pegRNA_143	p.H274R	128.0	188.0	116.0	173.0	205.0	203.0	157.0	242.0	116.0	330.0	166.0	117.0	126.0	177.0	172.0	280.0	316.0	408.0	446.0
pegRNA_144	p.H274R	16.0	26.0	11.0	9.0	28.0	13.0	32.0	9.0	22.0	15.0	19.0	15.0	16.0	11.0	9.0	29.0	42.0	41.0	37.0
pegRNA_145	p.H274R	14.0	31.0	25.0	31.0	41.0	41.0	47.0	70.0	18.0	44.0	53.0	26.0	27.0	46.0	28.0	161.0	45.0	82.0	62.0
pegRNA_146	p.G524C	958.0	1625.0	698.0	1037.0	1598.0	1226.0	1368.0	1673.0	1109.0	1618.0	1687.0	1077.0	1248.0	1374.0	1107.0	1425.0	2583.0	2824.0	2727.0
pegRNA_147	p.G524C	1948.0	4046.0	1946.0	2476.0	3662.0	3517.0	3499.0	3943.0	2824.0	4440.0	3725.0	2467.0	4187.0	4830.0	3659.0	3114.0	5994.0	7179.0	7264.0
pegRNA_148	p.G524C	16.0	20.0	10.0	5.0	15.0	3.0	4.0	11.0	12.0	4.0	9.0	6.0	5.0	5.0	5.0	36.0	36.0	18.0	16.0
pegRNA_149	p.G524C	1248.0	2549.0	1168.0	1630.0	2601.0	2316.0	2326.0	2700.0	1990.0	3224.0	2782.0	1761.0	2584.0	3056.0	2313.0	2374.0	3797.0	4917.0	5214.0
pegRNA_150	p.G524C	1815.0	3110.0	1452.0	2216.0	3134.0	2937.0	2894.0	3306.0	2533.0	3746.0	2891.0	2037.0	3351.0	3937.0	3245.0	2930.0	4925.0	6071.0	6279.0
pegRNA_151	p.G378C	4.0	3.0	3.0	6.0	12.0	0.0	6.0	9.0	4.0	3.0	1.0	5.0	3.0	2.0	1.0	29.0	7.0	12.0	7.0
pegRNA_152	p.G378C	21.0	30.0	23.0	41.0	33.0	33.0	30.0	25.0	66.0	54.0	23.0	13.0	40.0	71.0	53.0	101.0	51.0	66.0	120.0
pegRNA_153	p.G378C	15.0	19.0	20.0	22.0	19.0	21.0	14.0	1.0	45.0	20.0	17.0	17.0	22.0	12.0	18.0	29.0	34.0	40.0	65.0
pegRNA_154	p.G378C	86.0	77.0	31.0	71.0	87.0	67.0	87.0	127.0	66.0	98.0	81.0	48.0	32.0	39.0	54.0	169.0	163.0	154.0	164.0
pegRNA_155	p.G378C	6.0	22.0	9.0	30.0	50.0	15.0	23.0	24.0	11.0	17.0	22.0	12.0	11.0	21.0	9.0	68.0	28.0	65.0	28.0
pegRNA_156	p.C171F	439.0	870.0	521.0	628.0	733.0	572.0	684.0	894.0	683.0	712.0	744.0	658.0	905.0	957.0	795.0	2076.0	1309.0	1305.0	1395.0
pegRNA_157	p.C171F	555.0	1261.0	575.0	858.0	908.0	753.0	953.0	1205.0	789.0	1066.0	992.0	787.0	1156.0	1169.0	972.0	1674.0	1816.0	1661.0	1855.0
pegRNA_158	p.C171F	429.0	1110.0	508.0	642.0	837.0	782.0	835.0	1124.0	717.0	787.0	799.0	646.0	936.0	995.0	938.0	1613.0	1539.0	1619.0	1504.0
pegRNA_159	p.C171F	126.0	284.0	209.0	177.0	371.0	293.0	239.0	319.0	207.0	317.0	322.0	173.0	248.0	263.0	262.0	561.0	410.0	664.0	524.0
pegRNA_160	p.C171F	16.0	10.0	4.0	3.0	10.0	3.0	5.0	7.0	6.0	1.0	4.0	3.0	1.0	1.0	5.0	23.0	26.0	13.0	7.0
pegRNA_161	p.A510V	47.0	115.0	56.0	106.0	117.0	108.0	145.0	78.0	50.0	108.0	92.0	56.0	72.0	66.0	52.0	251.0	162.0	225.0	158.0
pegRNA_162	p.A510V	106.0	99.0	90.0	82.0	173.0	127.0	155.0	140.0	161.0	119.0	92.0	67.0	109.0	122.0	88.0	355.0	205.0	300.0	280.0
pegRNA_163	p.A510V	111.0	114.0	98.0	49.0	180.0	143.0	139.0	99.0	119.0	110.0	144.0	87.0	91.0	61.0	61.0	420.0	225.0	323.0	229.0
pegRNA_164	p.A510V	26.0	37.0	22.0	41.0	46.0	43.0	37.0	51.0	28.0	30.0	34.0	46.0	42.0	16.0	25.0	151.0	63.0	89.0	58.0
pegRNA_165	p.A510V	26.0	51.0	19.0	19.0	32.0	26.0	41.0	11.0	54.0	42.0	24.0	6.0	20.0	16.0	18.0	112.0	77.0	58.0	96.0
pegRNA_166	p.G558R	263.0	353.0	252.0	205.0	447.0	356.0	271.0	326.0	244.0	427.0	404.0	192.0	233.0	316.0	282.0	539.0	616.0	803.0	671.0
pegRNA_167	p.G558R	218.0	219.0	176.0	182.0	392.0	352.0	410.0	211.0	241.0	217.0	299.0	203.0	217.0	197.0	181.0	330.0	437.0	744.0	458.0
pegRNA_168	p.G558R	87.0	42.0	36.0	42.0	71.0	45.0	52.0	38.0	51.0	33.0	36.0	37.0	51.0	20.0	38.0	222.0	129.0	116.0	84.0
pegRNA_169	p.G558R	41.0	36.0	36.0	39.0	19.0	17.0	29.0	28.0	29.0	39.0	33.0	27.0	26.0	29.0	47.0	212.0	77.0	36.0	68.0
pegRNA_170	p.G558R	78.0	130.0	79.0	130.0	132.0	99.0	89.0	91.0	94.0	121.0	183.0	107.0	51.0	78.0	60.0	231.0	208.0	231.0	215.0
pegRNA_171	p.S102L	102.0	156.0	64.0	73.0	155.0	86.0	100.0	71.0	108.0	92.0	104.0	86.0	87.0	78.0	71.0	203.0	258.0	241.0	200.0
pegRNA_172	p.S102L	218.0	314.0	193.0	181.0	381.0	297.0	275.0	271.0	247.0	291.0	302.0	227.0	238.0	297.0	214.0	515.0	532.0	678.0	538.0
pegRNA_173	p.S102L	37.0	95.0	35.0	69.0	82.0	71.0	55.0	71.0	58.0	71.0	82.0	51.0	48.0	55.0	49.0	194.0	132.0	153.0	129.0
pegRNA_174	p.S102L	10.0	4.0	4.0	14.0	13.0	2.0	6.0	9.0	13.0	5.0	4.0	13.0	4.0	4.0	2.0	19.0	14.0	15.0	18.0
pegRNA_175	p.S102L	278.0	458.0	188.0	304.0	377.0	298.0	330.0	458.0	337.0	406.0	446.0	318.0	386.0	473.0	385.0	1261.0	736.0	675.0	743.0
pegRNA_176	p.I416F	13.0	10.0	13.0	18.0	66.0	67.0	41.0	112.0	16.0	35.0	60.0	11.0	39.0	30.0	27.0	138.0	23.0	133.0	51.0
pegRNA_177	p.I416F	65.0	138.0	68.0	75.0	72.0	89.0	138.0	140.0	59.0	82.0	96.0	37.0	72.0	85.0	52.0	298.0	203.0	161.0	141.0
pegRNA_178	p.I416F	0.0	0.0	2.0	4.0	2.0	2.0	0.0	10.0	1.0	1.0	3.0	1.0	5.0	0.0	3.0	10.0	0.0	4.0	2.0
pegRNA_179	p.I416F	18.0	18.0	16.0	14.0	19.0	17.0	24.0	16.0	17.0	9.0	12.0	11.0	17.0	19.0	19.0	108.0	36.0	36.0	26.0
pegRNA_180	p.I416F	2.0	21.0	5.0	8.0	18.0	11.0	2.0	1.0	5.0	11.0	14.0	12.0	7.0	14.0	20.0	71.0	23.0	29.0	16.0
pegRNA_181	p.M161I	49.0	68.0	48.0	58.0	92.0	39.0	40.0	82.0	50.0	50.0	71.0	42.0	45.0	53.0	39.0	198.0	117.0	131.0	100.0
pegRNA_182	p.M161I	87.0	129.0	80.0	69.0	164.0	135.0	98.0	194.0	80.0	133.0	160.0	94.0	87.0	101.0	118.0	291.0	216.0	299.0	213.0
pegRNA_183	p.M161I	92.0	128.0	58.0	77.0	106.0	76.0	100.0	107.0	78.0	103.0	105.0	54.0	74.0	71.0	64.0	255.0	220.0	182.0	181.0
pegRNA_184	p.M161I	95.0	99.0	51.0	83.0	142.0	81.0	97.0	123.0	74.0	96.0	120.0	77.0	51.0	71.0	46.0	216.0	194.0	223.0	170.0
pegRNA_185	p.M161I	160.0	413.0	198.0	252.0	353.0	221.0	313.0	375.0	282.0	358.0	349.0	260.0	447.0	361.0	371.0	1197.0	573.0	574.0	640.0
pegRNA_186	p.N238K	81.0	82.0	53.0	98.0	145.0	99.0	145.0	86.0	90.0	144.0	108.0	91.0	70.0	75.0	82.0	205.0	163.0	244.0	234.0
pegRNA_187	p.N238K	70.0	126.0	70.0	104.0	196.0	164.0	190.0	117.0	147.0	194.0	189.0	117.0	119.0	119.0	128.0	288.0	196.0	360.0	341.0
pegRNA_188	p.N238K	36.0	71.0	48.0	41.0	31.0	96.0	50.0	37.0	55.0	56.0	51.0	42.0	53.0	63.0	54.0	131.0	107.0	127.0	111.0
pegRNA_189	p.N238K	52.0	55.0	21.0	43.0	54.0	54.0	62.0	30.0	43.0	31.0	31.0	37.0	54.0	31.0	41.0	84.0	107.0	108.0	74.0
pegRNA_190	p.N238K	79.0	100.0	59.0	94.0	140.0	119.0	103.0	166.0	101.0	145.0	71.0	125.0	73.0	78.0	104.0	189.0	179.0	259.0	246.0
pegRNA_191	p.P278L	11.0	18.0	7.0	10.0	18.0	9.0	20.0	22.0	20.0	13.0	18.0	8.0	8.0	11.0	8.0	43.0	29.0	27.0	33.0
pegRNA_192	p.P278L	7.0	17.0	32.0	36.0	17.0	18.0	16.0	19.0	25.0	27.0	48.0	13.0	20.0	20.0	28.0	77.0	24.0	35.0	52.0
pegRNA_193	p.P278L	57.0	44.0	38.0	34.0	49.0	37.0	70.0	57.0	47.0	39.0	39.0	41.0	37.0	54.0	42.0	136.0	101.0	86.0	86.0
pegRNA_194	p.P278L	31.0	55.0	42.0	22.0	70.0	43.0	49.0	37.0	37.0	43.0	35.0	21.0	33.0	32.0	28.0	80.0	86.0	113.0	80.0
pegRNA_195	p.P278L	245.0	290.0	264.0	250.0	211.0	282.0	444.0	319.0	379.0	319.0	314.0	253.0	273.0	326.0	280.0	495.0	535.0	493.0	698.0
pegRNA_196	p.P361L	28.0	45.0	14.0	28.0	35.0	29.0	27.0	26.0	15.0	28.0	32.0	18.0	30.0	25.0	23.0	82.0	73.0	64.0	43.0
pegRNA_197	p.P361L	6.0	21.0	14.0	6.0	7.0	9.0	10.0	13.0	23.0	29.0	25.0	22.0	9.0	17.0	18.0	67.0	27.0	16.0	52.0
pegRNA_198	p.P361L	5.0	10.0	2.0	16.0	4.0	3.0	2.0	18.0	7.0	21.0	21.0	0.0	13.0	2.0	8.0	50.0	15.0	7.0	28.0
pegRNA_199	p.P361L	18.0	32.0	17.0	57.0	35.0	80.0	21.0	65.0	14.0	64.0	36.0	24.0	32.0	30.0	18.0	135.0	50.0	115.0	78.0
pegRNA_200	p.P361L	1.0	7.0	3.0	16.0	8.0	16.0	10.0	8.0	7.0	5.0	17.0	3.0	5.0	7.0	9.0	89.0	8.0	24.0	12.0
pegRNA_201	p.Q163L	106.0	106.0	66.0	106.0	167.0	134.0	135.0	130.0	120.0	152.0	175.0	121.0	101.0	135.0	95.0	387.0	212.0	301.0	272.0
pegRNA_202	p.Q163L	60.0	100.0	46.0	51.0	90.0	67.0	72.0	89.0	72.0	99.0	101.0	53.0	51.0	63.0	46.0	210.0	160.0	157.0	171.0
pegRNA_203	p.Q163L	105.0	130.0	97.0	113.0	151.0	128.0	98.0	110.0	135.0	140.0	180.0	75.0	116.0	129.0	108.0	231.0	235.0	279.0	275.0
pegRNA_204	p.Q163L	36.0	110.0	42.0	46.0	90.0	51.0	52.0	75.0	43.0	71.0	68.0	62.0	52.0	55.0	36.0	218.0	146.0	141.0	114.0
pegRNA_205	p.Q163L	74.0	116.0	78.0	86.0	169.0	107.0	79.0	134.0	77.0	112.0	174.0	70.0	92.0	109.0	129.0	378.0	190.0	276.0	189.0
pegRNA_206	p.R240L	39.0	81.0	59.0	45.0	117.0	111.0	99.0	67.0	102.0	82.0	92.0	69.0	73.0	67.0	81.0	218.0	120.0	228.0	184.0
pegRNA_207	p.R240L	16.0	106.0	48.0	57.0	46.0	82.0	67.0	74.0	45.0	45.0	91.0	60.0	56.0	40.0	60.0	139.0	122.0	128.0	90.0
pegRNA_208	p.R240L	97.0	45.0	49.0	55.0	77.0	65.0	58.0	61.0	60.0	41.0	61.0	40.0	57.0	37.0	35.0	172.0	142.0	142.0	101.0
pegRNA_209	p.R240L	0.0	0.0	0.0	0.0	0.0	0.0	0.0	0.0	0.0	0.0	0.0	0.0	1.0	0.0	0.0	0.0	0.0	0.0	0.0
pegRNA_210	p.R240L	61.0	92.0	66.0	72.0	93.0	85.0	86.0	77.0	80.0	150.0	75.0	67.0	72.0	62.0	72.0	144.0	153.0	178.0	230.0
pegRNA_211	p.R71W	64.0	67.0	41.0	66.0	78.0	54.0	66.0	68.0	63.0	66.0	88.0	56.0	69.0	65.0	56.0	260.0	131.0	132.0	129.0
pegRNA_212	p.R71W	44.0	68.0	38.0	39.0	59.0	40.0	64.0	49.0	36.0	23.0	63.0	24.0	41.0	42.0	36.0	160.0	112.0	99.0	59.0
pegRNA_213	p.R71W	88.0	122.0	84.0	69.0	78.0	73.0	124.0	132.0	125.0	101.0	129.0	62.0	118.0	99.0	99.0	371.0	210.0	151.0	226.0
pegRNA_214	p.R71W	385.0	757.0	626.0	508.0	712.0	725.0	710.0	915.0	627.0	812.0	697.0	605.0	1067.0	1064.0	964.0	1626.0	1142.0	1437.0	1439.0
pegRNA_215	p.R71W	281.0	703.0	257.0	351.0	604.0	448.0	433.0	471.0	408.0	610.0	582.0	421.0	467.0	468.0	397.0	851.0	984.0	1052.0	1018.0
pegRNA_216	p.S224F	163.0	292.0	92.0	244.0	277.0	195.0	251.0	247.0	199.0	214.0	325.0	220.0	212.0	278.0	206.0	328.0	455.0	472.0	413.0
pegRNA_217	p.S224F	237.0	247.0	199.0	390.0	333.0	186.0	398.0	608.0	225.0	283.0	439.0	353.0	280.0	327.0	265.0	799.0	484.0	519.0	508.0
pegRNA_218	p.S224F	42.0	70.0	19.0	26.0	15.0	29.0	34.0	58.0	23.0	38.0	50.0	34.0	45.0	59.0	42.0	88.0	112.0	44.0	61.0
pegRNA_219	p.S224F	99.0	189.0	110.0	241.0	195.0	114.0	191.0	363.0	160.0	110.0	238.0	260.0	202.0	165.0	138.0	456.0	288.0	309.0	270.0
pegRNA_220	p.S224F	73.0	165.0	41.0	70.0	112.0	96.0	118.0	143.0	58.0	122.0	111.0	80.0	90.0	135.0	74.0	228.0	238.0	208.0	180.0
pegRNA_221	p.S45F	37.0	68.0	64.0	29.0	72.0	35.0	27.0	105.0	65.0	46.0	55.0	52.0	79.0	96.0	41.0	287.0	105.0	107.0	111.0
pegRNA_222	p.S45F	84.0	71.0	67.0	45.0	98.0	89.0	88.0	64.0	80.0	53.0	95.0	69.0	59.0	44.0	66.0	177.0	155.0	187.0	133.0
pegRNA_223	p.S45F	42.0	72.0	63.0	42.0	102.0	106.0	85.0	76.0	61.0	59.0	82.0	57.0	65.0	45.0	63.0	134.0	114.0	208.0	120.0
pegRNA_224	p.S45F	283.0	336.0	222.0	203.0	408.0	319.0	371.0	303.0	349.0	269.0	293.0	181.0	229.0	198.0	217.0	406.0	619.0	727.0	618.0
pegRNA_225	p.S45F	30.0	26.0	38.0	52.0	43.0	59.0	82.0	64.0	50.0	28.0	34.0	15.0	41.0	51.0	33.0	316.0	56.0	102.0	78.0
pegRNA_226	p.W252L	76.0	136.0	52.0	67.0	86.0	60.0	55.0	85.0	65.0	68.0	107.0	84.0	66.0	70.0	45.0	234.0	212.0	146.0	133.0
pegRNA_227	p.W252L	161.0	243.0	135.0	171.0	243.0	179.0	153.0	195.0	195.0	185.0	256.0	173.0	211.0	184.0	157.0	575.0	404.0	422.0	380.0
pegRNA_228	p.W252L	137.0	267.0	105.0	168.0	292.0	172.0	178.0	209.0	225.0	211.0	243.0	165.0	178.0	198.0	148.0	517.0	404.0	464.0	436.0
pegRNA_229	p.W252L	323.0	631.0	292.0	445.0	616.0	415.0	495.0	664.0	523.0	521.0	585.0	413.0	580.0	646.0	536.0	1365.0	954.0	1031.0	1044.0
pegRNA_230	p.W252L	21.0	8.0	9.0	10.0	25.0	0.0	19.0	16.0	9.0	9.0	11.0	3.0	11.0	8.0	29.0	43.0	29.0	25.0	18.0
pegRNA_231	p.W403C	439.0	669.0	441.0	449.0	584.0	369.0	487.0	497.0	421.0	647.0	534.0	385.0	546.0	523.0	467.0	758.0	1108.0	953.0	1068.0
pegRNA_232	p.W403C	1.0	4.0	16.0	26.0	14.0	20.0	9.0	18.0	7.0	9.0	26.0	10.0	22.0	17.0	18.0	61.0	5.0	34.0	16.0
pegRNA_233	p.W403C	45.0	15.0	6.0	16.0	23.0	9.0	9.0	16.0	9.0	12.0	19.0	8.0	7.0	8.0	4.0	57.0	60.0	32.0	21.0
pegRNA_234	p.W403C	24.0	28.0	10.0	27.0	35.0	18.0	24.0	21.0	26.0	18.0	21.0	19.0	12.0	10.0	10.0	71.0	52.0	53.0	44.0
pegRNA_235	p.W403C	89.0	117.0	68.0	102.0	192.0	119.0	138.0	104.0	104.0	112.0	80.0	109.0	92.0	62.0	102.0	181.0	206.0	311.0	216.0
pegRNA_236	p.W450L	254.0	249.0	163.0	183.0	293.0	244.0	270.0	228.0	186.0	195.0	280.0	202.0	218.0	249.0	209.0	528.0	503.0	537.0	381.0
pegRNA_237	p.W450L	8.0	35.0	22.0	26.0	30.0	13.0	21.0	15.0	22.0	17.0	47.0	23.0	21.0	15.0	20.0	99.0	43.0	43.0	39.0
pegRNA_238	p.W450L	173.0	356.0	179.0	203.0	261.0	229.0	255.0	284.0	232.0	330.0	308.0	190.0	187.0	281.0	201.0	355.0	529.0	490.0	562.0
pegRNA_239	p.W450L	386.0	733.0	443.0	457.0	730.0	641.0	601.0	730.0	480.0	782.0	694.0	504.0	684.0	759.0	668.0	870.0	1119.0	1371.0	1262.0
pegRNA_240	p.W450L	231.0	414.0	181.0	198.0	361.0	268.0	364.0	333.0	295.0	317.0	416.0	199.0	295.0	313.0	285.0	889.0	645.0	629.0	612.0
pegRNA_241	p.Y300C	64.0	74.0	71.0	62.0	91.0	66.0	52.0	68.0	91.0	78.0	104.0	49.0	52.0	61.0	39.0	165.0	138.0	157.0	169.0
pegRNA_242	p.Y300C	41.0	71.0	54.0	37.0	71.0	53.0	47.0	86.0	80.0	65.0	78.0	59.0	21.0	46.0	40.0	109.0	112.0	124.0	145.0
pegRNA_243	p.Y300C	279.0	587.0	471.0	400.0	492.0	316.0	461.0	637.0	477.0	480.0	572.0	526.0	435.0	450.0	424.0	475.0	866.0	808.0	957.0
pegRNA_244	p.Y300C	138.0	286.0	120.0	178.0	218.0	186.0	213.0	283.0	197.0	227.0	256.0	169.0	189.0	168.0	169.0	547.0	424.0	404.0	424.0
pegRNA_245	p.Y300C	22.0	73.0	48.0	33.0	112.0	15.0	79.0	27.0	71.0	36.0	42.0	55.0	49.0	45.0	42.0	234.0	95.0	127.0	107.0
pegRNA_246	p.Y572C	99.0	188.0	65.0	135.0	123.0	124.0	105.0	188.0	133.0	172.0	184.0	91.0	96.0	106.0	73.0	329.0	287.0	247.0	305.0
pegRNA_247	p.Y572C	312.0	428.0	161.0	195.0	337.0	303.0	301.0	376.0	228.0	307.0	358.0	175.0	224.0	299.0	220.0	735.0	740.0	640.0	535.0
pegRNA_248	p.Y572C	163.0	297.0	87.0	189.0	283.0	314.0	202.0	221.0	140.0	312.0	317.0	199.0	220.0	257.0	177.0	413.0	460.0	597.0	452.0
pegRNA_249	p.Y572C	973.0	1638.0	810.0	1068.0	1639.0	1236.0	1281.0	1675.0	1101.0	1797.0	1366.0	1153.0	1718.0	1743.0	1450.0	1501.0	2611.0	2875.0	2898.0
pegRNA_250	p.Y572C	87.0	182.0	49.0	104.0	170.0	112.0	81.0	154.0	110.0	169.0	213.0	104.0	100.0	100.0	103.0	187.0	269.0	282.0	279.0
pegRNA_251	p.R260L	35.0	78.0	32.0	53.0	52.0	43.0	43.0	93.0	50.0	55.0	88.0	36.0	32.0	43.0	39.0	159.0	113.0	95.0	105.0
pegRNA_252	p.R260L	59.0	41.0	42.0	70.0	96.0	130.0	113.0	108.0	64.0	101.0	70.0	84.0	58.0	64.0	78.0	209.0	100.0	226.0	165.0
pegRNA_253	p.R260L	46.0	55.0	32.0	48.0	79.0	42.0	46.0	59.0	52.0	66.0	85.0	42.0	41.0	45.0	38.0	153.0	101.0	121.0	118.0
pegRNA_254	p.R260L	15.0	37.0	30.0	29.0	37.0	25.0	23.0	33.0	33.0	32.0	50.0	21.0	50.0	34.0	30.0	87.0	52.0	62.0	65.0
pegRNA_255	p.R260L	1.0	2.0	2.0	5.0	2.0	0.0	1.0	1.0	4.0	2.0	1.0	0.0	3.0	0.0	1.0	5.0	3.0	2.0	6.0
pegRNA_256	p.A184G	101.0	120.0	194.0	225.0	75.0	75.0	234.0	415.0	66.0	73.0	203.0	276.0	135.0	151.0	134.0	427.0	221.0	150.0	139.0
pegRNA_257	p.A184G	129.0	124.0	94.0	100.0	147.0	58.0	150.0	163.0	108.0	87.0	76.0	66.0	71.0	76.0	64.0	169.0	253.0	205.0	195.0
pegRNA_258	p.A184G	54.0	71.0	54.0	36.0	80.0	53.0	57.0	83.0	67.0	75.0	99.0	52.0	41.0	56.0	56.0	181.0	125.0	133.0	142.0
pegRNA_259	p.A184G	142.0	215.0	348.0	555.0	178.0	97.0	277.0	800.0	156.0	118.0	321.0	471.0	253.0	218.0	172.0	488.0	357.0	275.0	274.0
pegRNA_260	p.A184G	45.0	57.0	31.0	47.0	65.0	37.0	64.0	55.0	83.0	44.0	46.0	29.0	39.0	30.0	37.0	92.0	102.0	102.0	127.0
pegRNA_261	p.R415H	189.0	251.0	138.0	237.0	267.0	297.0	292.0	426.0	147.0	294.0	186.0	157.0	202.0	250.0	219.0	796.0	440.0	564.0	441.0
pegRNA_262	p.R415H	302.0	291.0	112.0	300.0	346.0	236.0	282.0	443.0	199.0	298.0	192.0	218.0	260.0	172.0	241.0	814.0	593.0	582.0	497.0
pegRNA_263	p.R415H	157.0	160.0	91.0	160.0	142.0	86.0	102.0	186.0	149.0	136.0	87.0	113.0	136.0	93.0	98.0	443.0	317.0	228.0	285.0
pegRNA_264	p.R415H	38.0	131.0	31.0	46.0	84.0	109.0	66.0	129.0	30.0	163.0	99.0	48.0	33.0	49.0	81.0	251.0	169.0	193.0	193.0
pegRNA_265	p.R415H	66.0	43.0	32.0	73.0	91.0	86.0	48.0	121.0	39.0	71.0	65.0	57.0	28.0	81.0	48.0	185.0	109.0	177.0	110.0
pegRNA_266	p.R536C	48.0	37.0	23.0	29.0	52.0	28.0	22.0	57.0	33.0	34.0	34.0	28.0	23.0	25.0	22.0	77.0	85.0	80.0	67.0
pegRNA_267	p.R536C	58.0	48.0	31.0	42.0	78.0	49.0	51.0	58.0	47.0	84.0	78.0	48.0	43.0	50.0	32.0	89.0	106.0	127.0	131.0
pegRNA_268	p.R536C	83.0	135.0	102.0	78.0	205.0	110.0	112.0	126.0	96.0	128.0	142.0	77.0	97.0	87.0	106.0	249.0	218.0	315.0	224.0
pegRNA_269	p.S508R	394.0	632.0	451.0	380.0	478.0	378.0	573.0	502.0	546.0	429.0	526.0	272.0	385.0	421.0	307.0	1102.0	1026.0	856.0	975.0
pegRNA_270	p.S508R	408.0	742.0	497.0	519.0	601.0	468.0	569.0	672.0	505.0	497.0	612.0	378.0	552.0	529.0	420.0	1488.0	1150.0	1069.0	1002.0
pegRNA_271	p.S508R	307.0	463.0	264.0	301.0	422.0	282.0	348.0	428.0	315.0	349.0	399.0	255.0	289.0	304.0	236.0	895.0	770.0	704.0	664.0
pegRNA_272	p.S508R	276.0	438.0	277.0	290.0	466.0	343.0	421.0	506.0	400.0	495.0	397.0	366.0	447.0	451.0	327.0	1096.0	714.0	809.0	895.0
pegRNA_273	p.S508R	330.0	383.0	196.0	303.0	367.0	172.0	272.0	320.0	225.0	215.0	300.0	192.0	166.0	141.0	128.0	866.0	713.0	539.0	440.0
pegRNA_274	p.G480R	173.0	305.0	125.0	174.0	347.0	269.0	268.0	301.0	173.0	477.0	416.0	199.0	253.0	330.0	206.0	475.0	478.0	616.0	650.0
pegRNA_275	p.G480R	218.0	553.0	233.0	255.0	522.0	457.0	480.0	615.0	318.0	642.0	602.0	242.0	474.0	547.0	389.0	704.0	771.0	979.0	960.0
pegRNA_276	p.G480R	122.0	206.0	167.0	131.0	188.0	138.0	176.0	223.0	272.0	145.0	186.0	132.0	163.0	151.0	154.0	330.0	328.0	326.0	417.0
pegRNA_277	p.G480R	24.0	25.0	20.0	26.0	36.0	25.0	29.0	45.0	38.0	26.0	40.0	23.0	28.0	23.0	21.0	72.0	49.0	61.0	64.0
pegRNA_278	p.G480R	194.0	411.0	162.0	211.0	368.0	292.0	300.0	397.0	271.0	464.0	457.0	224.0	256.0	362.0	213.0	525.0	605.0	660.0	735.0
pegRNA_279	p.H210P	11.0	30.0	20.0	32.0	19.0	4.0	19.0	11.0	14.0	14.0	10.0	17.0	10.0	17.0	5.0	59.0	41.0	23.0	28.0
pegRNA_280	p.H210P	7.0	19.0	10.0	8.0	22.0	10.0	19.0	20.0	12.0	13.0	16.0	14.0	11.0	13.0	10.0	49.0	26.0	32.0	25.0
pegRNA_281	p.H210P	33.0	40.0	13.0	21.0	40.0	14.0	12.0	21.0	30.0	14.0	19.0	24.0	15.0	22.0	12.0	90.0	73.0	54.0	44.0
pegRNA_282	p.H210P	10.0	8.0	3.0	11.0	8.0	1.0	4.0	3.0	4.0	3.0	6.0	7.0	6.0	1.0	0.0	41.0	18.0	9.0	7.0
pegRNA_283	p.H210P	39.0	44.0	19.0	27.0	37.0	12.0	21.0	34.0	28.0	21.0	33.0	18.0	12.0	18.0	8.0	71.0	83.0	49.0	49.0
pegRNA_284	p.M550K	142.0	197.0	149.0	109.0	378.0	332.0	363.0	246.0	229.0	218.0	223.0	151.0	159.0	168.0	186.0	270.0	339.0	710.0	447.0
pegRNA_285	p.M550K	68.0	108.0	78.0	60.0	133.0	114.0	146.0	96.0	79.0	79.0	110.0	68.0	78.0	47.0	61.0	142.0	176.0	247.0	158.0
pegRNA_286	p.M550K	116.0	112.0	75.0	62.0	168.0	107.0	146.0	90.0	92.0	53.0	85.0	74.0	80.0	39.0	62.0	166.0	228.0	275.0	145.0
pegRNA_287	p.M550K	126.0	176.0	131.0	135.0	266.0	301.0	290.0	209.0	174.0	172.0	215.0	180.0	166.0	100.0	192.0	231.0	302.0	567.0	346.0
pegRNA_288	p.M550K	140.0	169.0	146.0	112.0	253.0	286.0	320.0	189.0	200.0	149.0	256.0	203.0	147.0	117.0	168.0	290.0	309.0	539.0	349.0
pegRNA_289	p.V465L	64.0	26.0	34.0	24.0	63.0	51.0	55.0	48.0	71.0	39.0	59.0	53.0	47.0	20.0	46.0	89.0	90.0	114.0	110.0
pegRNA_290	p.V465L	54.0	63.0	45.0	65.0	81.0	62.0	99.0	94.0	81.0	56.0	69.0	28.0	76.0	59.0	68.0	144.0	117.0	143.0	137.0
pegRNA_291	p.V465L	116.0	112.0	118.0	80.0	144.0	141.0	152.0	124.0	94.0	84.0	162.0	38.0	84.0	78.0	94.0	238.0	228.0	285.0	178.0
pegRNA_292	p.V465L	55.0	48.0	42.0	52.0	86.0	53.0	79.0	50.0	68.0	42.0	72.0	40.0	43.0	42.0	70.0	83.0	103.0	139.0	110.0
pegRNA_293	p.V465L	11.0	11.0	8.0	20.0	23.0	12.0	10.0	22.0	16.0	11.0	12.0	13.0	19.0	6.0	9.0	48.0	22.0	35.0	27.0
pegRNA_294	p.Glu79Gln	68.0	82.0	21.0	39.0	109.0	30.0	39.0	53.0	44.0	48.0	63.0	42.0	41.0	32.0	28.0	113.0	150.0	139.0	92.0
pegRNA_295	p.Glu79Gln	78.0	109.0	40.0	95.0	122.0	42.0	61.0	121.0	72.0	59.0	69.0	43.0	44.0	59.0	57.0	121.0	187.0	164.0	131.0
pegRNA_296	p.Glu79Gln	126.0	235.0	99.0	112.0	231.0	164.0	167.0	238.0	148.0	211.0	264.0	146.0	124.0	174.0	120.0	206.0	361.0	395.0	359.0
pegRNA_297	p.Glu79Gln	75.0	200.0	80.0	124.0	157.0	153.0	168.0	205.0	144.0	137.0	141.0	115.0	97.0	128.0	72.0	259.0	275.0	310.0	281.0
pegRNA_298	p.Glu79Gln	114.0	125.0	90.0	133.0	166.0	150.0	172.0	133.0	98.0	163.0	195.0	126.0	98.0	117.0	101.0	223.0	239.0	316.0	261.0
pegRNA_299	p.Arg34Gly	957.0	1533.0	569.0	2087.0	1409.0	1130.0	1501.0	1367.0	936.0	1850.0	1618.0	760.0	898.0	1192.0	697.0	1326.0	2490.0	2539.0	2786.0
pegRNA_300	p.Arg34Gly	1475.0	2732.0	908.0	1431.0	2590.0	2039.0	1882.0	2011.0	1347.0	3135.0	2579.0	1237.0	1456.0	2121.0	1240.0	1634.0	4207.0	4629.0	4482.0
pegRNA_301	p.Arg34Gly	1049.0	2062.0	665.0	1149.0	2035.0	1694.0	1708.0	1846.0	1124.0	2657.0	1916.0	1127.0	1153.0	1750.0	1050.0	1418.0	3111.0	3729.0	3781.0
pegRNA_302	p.Arg34Gly	1378.0	2240.0	1143.0	1314.0	2479.0	1994.0	2134.0	2382.0	1398.0	3053.0	2642.0	1435.0	1454.0	2011.0	1357.0	1862.0	3618.0	4473.0	4451.0
pegRNA_303	p.Arg34Gly	994.0	1929.0	761.0	1059.0	2053.0	1374.0	1647.0	1914.0	1181.0	2420.0	1919.0	1039.0	1139.0	1575.0	1038.0	1702.0	2923.0	3427.0	3601.0
pegRNA_304	p.Gly31Glu	1189.0	3037.0	1067.0	1494.0	2761.0	2308.0	2392.0	2670.0	1677.0	4177.0	3181.0	1535.0	1681.0	2400.0	1665.0	2192.0	4226.0	5069.0	5854.0
pegRNA_305	p.Gly31Glu	1656.0	3012.0	1210.0	1677.0	3076.0	2602.0	2607.0	2599.0	1902.0	4643.0	3247.0	1952.0	1989.0	2871.0	1928.0	3257.0	4668.0	5678.0	6545.0
pegRNA_306	p.Gly31Glu	1473.0	2815.0	1032.0	1627.0	2885.0	2054.0	2452.0	2841.0	1672.0	3943.0	3173.0	1584.0	1803.0	2609.0	1569.0	2547.0	4288.0	4939.0	5615.0
pegRNA_307	p.Gly31Glu	1232.0	2663.0	1211.0	1567.0	2509.0	1974.0	2282.0	2746.0	2067.0	2910.0	2654.0	1387.0	2022.0	2568.0	1823.0	2713.0	3895.0	4483.0	4977.0
pegRNA_308	p.Gly31Glu	1250.0	2658.0	849.0	1591.0	2358.0	1813.0	1691.0	2044.0	1416.0	2916.0	2746.0	1403.0	1247.0	1772.0	1173.0	1489.0	3908.0	4171.0	4332.0
pegRNA_309	p.Glu82Asp	315.0	592.0	256.0	286.0	562.0	410.0	517.0	387.0	482.0	742.0	581.0	280.0	505.0	651.0	413.0	432.0	907.0	972.0	1224.0
pegRNA_310	p.Glu82Asp	172.0	347.0	83.0	202.0	288.0	193.0	258.0	280.0	196.0	397.0	402.0	300.0	253.0	368.0	202.0	375.0	519.0	481.0	593.0
pegRNA_311	p.Glu82Asp	163.0	536.0	212.0	286.0	353.0	423.0	309.0	455.0	191.0	475.0	459.0	234.0	351.0	429.0	304.0	463.0	699.0	776.0	666.0
pegRNA_312	p.Glu82Asp	136.0	113.0	70.0	117.0	179.0	76.0	122.0	131.0	91.0	242.0	254.0	95.0	88.0	177.0	102.0	158.0	249.0	255.0	333.0
pegRNA_313	p.Glu82Asp	38.0	99.0	40.0	72.0	122.0	100.0	81.0	60.0	24.0	152.0	119.0	62.0	60.0	83.0	51.0	101.0	137.0	222.0	176.0
pegRNA_314	S45S	50.0	63.0	35.0	18.0	65.0	13.0	27.0	101.0	22.0	45.0	45.0	25.0	59.0	45.0	53.0	236.0	113.0	78.0	67.0
pegRNA_315	S45S	34.0	27.0	27.0	28.0	15.0	9.0	54.0	61.0	18.0	21.0	30.0	24.0	43.0	67.0	47.0	249.0	61.0	24.0	39.0
pegRNA_316	R71R	466.0	924.0	425.0	514.0	631.0	597.0	676.0	685.0	456.0	793.0	760.0	509.0	696.0	803.0	714.0	1037.0	1390.0	1228.0	1249.0
pegRNA_317	R71R	124.0	135.0	97.0	86.0	92.0	67.0	91.0	116.0	93.0	77.0	125.0	69.0	96.0	99.0	89.0	333.0	259.0	159.0	170.0
pegRNA_318	S102S	46.0	126.0	94.0	71.0	249.0	182.0	218.0	151.0	132.0	103.0	134.0	111.0	112.0	113.0	163.0	253.0	172.0	431.0	235.0
pegRNA_319	S102S	627.0	823.0	429.0	566.0	861.0	609.0	686.0	828.0	600.0	858.0	814.0	542.0	870.0	946.0	834.0	1965.0	1450.0	1470.0	1458.0
pegRNA_320	V155V	60.0	105.0	68.0	78.0	122.0	90.0	75.0	88.0	74.0	126.0	108.0	74.0	103.0	108.0	83.0	167.0	165.0	212.0	200.0
pegRNA_321	V155V	22.0	38.0	39.0	38.0	43.0	29.0	41.0	56.0	49.0	36.0	81.0	48.0	42.0	51.0	36.0	109.0	60.0	72.0	85.0
pegRNA_322	Q163Q	120.0	192.0	134.0	112.0	235.0	177.0	148.0	163.0	131.0	235.0	230.0	121.0	164.0	162.0	178.0	338.0	312.0	412.0	366.0
pegRNA_323	Q163Q	131.0	186.0	87.0	108.0	155.0	104.0	96.0	129.0	100.0	119.0	144.0	102.0	113.0	134.0	95.0	404.0	317.0	259.0	219.0
pegRNA_324	C171C	377.0	779.0	435.0	532.0	603.0	612.0	742.0	879.0	489.0	577.0	631.0	488.0	703.0	805.0	611.0	2122.0	1156.0	1215.0	1066.0
pegRNA_325	C171C	5.0	3.0	4.0	3.0	7.0	4.0	1.0	2.0	8.0	1.0	6.0	1.0	2.0	4.0	5.0	27.0	8.0	11.0	9.0
pegRNA_326	A184A	215.0	626.0	323.0	274.0	390.0	387.0	417.0	487.0	412.0	514.0	415.0	416.0	364.0	376.0	378.0	709.0	841.0	777.0	926.0
pegRNA_327	A184A	75.0	152.0	77.0	83.0	157.0	71.0	110.0	103.0	121.0	125.0	126.0	64.0	82.0	79.0	58.0	199.0	227.0	228.0	246.0
pegRNA_328	G186G	242.0	300.0	188.0	186.0	276.0	219.0	243.0	296.0	286.0	230.0	284.0	164.0	271.0	211.0	182.0	512.0	542.0	495.0	516.0
pegRNA_329	G186G	92.0	135.0	40.0	64.0	77.0	47.0	101.0	97.0	101.0	219.0	180.0	73.0	53.0	58.0	70.0	221.0	227.0	124.0	320.0
pegRNA_330	E192E	87.0	133.0	76.0	68.0	62.0	59.0	78.0	76.0	144.0	117.0	139.0	76.0	73.0	119.0	118.0	277.0	220.0	121.0	261.0
pegRNA_331	E192E	82.0	97.0	60.0	71.0	109.0	62.0	104.0	73.0	92.0	99.0	101.0	61.0	90.0	76.0	65.0	177.0	179.0	171.0	191.0
pegRNA_332	H210H	194.0	260.0	132.0	236.0	379.0	235.0	217.0	301.0	281.0	296.0	340.0	146.0	152.0	182.0	113.0	379.0	454.0	614.0	577.0
pegRNA_333	H210H	5.0	15.0	14.0	8.0	33.0	31.0	9.0	9.0	19.0	8.0	23.0	16.0	16.0	35.0	9.0	60.0	20.0	64.0	27.0
pegRNA_334	S224S	38.0	29.0	27.0	48.0	72.0	45.0	81.0	99.0	36.0	76.0	84.0	42.0	46.0	74.0	81.0	136.0	67.0	117.0	112.0
pegRNA_335	S224S	210.0	358.0	191.0	338.0	355.0	201.0	413.0	421.0	262.0	297.0	422.0	284.0	294.0	311.0	268.0	777.0	568.0	556.0	559.0
pegRNA_336	R234R	110.0	140.0	108.0	120.0	146.0	121.0	114.0	121.0	103.0	145.0	198.0	139.0	109.0	130.0	101.0	260.0	250.0	267.0	248.0
pegRNA_337	R234R	199.0	274.0	146.0	172.0	232.0	205.0	174.0	195.0	144.0	270.0	259.0	155.0	192.0	232.0	168.0	409.0	473.0	437.0	414.0
pegRNA_338	L237L	51.0	49.0	48.0	43.0	104.0	121.0	92.0	70.0	73.0	74.0	104.0	63.0	70.0	62.0	69.0	188.0	100.0	225.0	147.0
pegRNA_339	L237L	12.0	27.0	15.0	31.0	52.0	36.0	29.0	37.0	32.0	27.0	31.0	26.0	18.0	23.0	33.0	51.0	39.0	88.0	59.0
pegRNA_340	N238N	62.0	132.0	87.0	79.0	166.0	118.0	126.0	115.0	113.0	125.0	111.0	129.0	126.0	78.0	106.0	241.0	194.0	284.0	238.0
pegRNA_341	N238N	137.0	135.0	95.0	132.0	197.0	177.0	251.0	147.0	127.0	174.0	168.0	152.0	121.0	104.0	157.0	279.0	272.0	374.0	301.0
pegRNA_342	R240R	13.0	45.0	33.0	53.0	80.0	64.0	52.0	48.0	56.0	67.0	51.0	23.0	50.0	43.0	57.0	122.0	58.0	144.0	123.0
pegRNA_343	R240R	46.0	68.0	40.0	47.0	66.0	104.0	93.0	62.0	63.0	80.0	69.0	101.0	78.0	39.0	79.0	117.0	114.0	170.0	143.0
pegRNA_344	R260R	84.0	81.0	56.0	65.0	102.0	68.0	84.0	83.0	69.0	75.0	80.0	60.0	52.0	61.0	49.0	154.0	165.0	170.0	144.0
pegRNA_345	R260R	10.0	14.0	15.0	10.0	8.0	0.0	3.0	6.0	4.0	8.0	13.0	7.0	6.0	10.0	5.0	15.0	24.0	8.0	12.0
pegRNA_346	R272R	29.0	42.0	16.0	26.0	36.0	29.0	47.0	61.0	41.0	87.0	38.0	25.0	36.0	40.0	52.0	139.0	71.0	65.0	128.0
pegRNA_347	R272R	12.0	17.0	18.0	14.0	36.0	23.0	25.0	14.0	11.0	25.0	16.0	19.0	16.0	10.0	11.0	41.0	29.0	59.0	36.0
pegRNA_348	H274H	46.0	20.0	7.0	34.0	57.0	18.0	40.0	51.0	30.0	50.0	14.0	31.0	12.0	30.0	27.0	98.0	66.0	75.0	80.0
pegRNA_349	H274H	74.0	144.0	58.0	73.0	166.0	172.0	185.0	120.0	110.0	206.0	92.0	92.0	105.0	80.0	123.0	135.0	218.0	338.0	316.0
pegRNA_350	P278P	21.0	18.0	13.0	17.0	22.0	9.0	10.0	11.0	15.0	10.0	12.0	8.0	11.0	9.0	6.0	34.0	39.0	31.0	25.0
pegRNA_351	P278P	121.0	227.0	138.0	128.0	246.0	163.0	219.0	173.0	102.0	211.0	142.0	125.0	130.0	100.0	156.0	145.0	348.0	409.0	313.0
pegRNA_352	L281L	45.0	78.0	72.0	55.0	114.0	54.0	58.0	92.0	46.0	87.0	74.0	45.0	82.0	71.0	50.0	219.0	123.0	168.0	133.0
pegRNA_353	L281L	44.0	71.0	48.0	75.0	58.0	50.0	78.0	60.0	62.0	61.0	58.0	48.0	39.0	50.0	47.0	153.0	115.0	108.0	123.0
pegRNA_354	C297C	18.0	46.0	20.0	13.0	23.0	13.0	16.0	22.0	11.0	15.0	24.0	21.0	13.0	21.0	13.0	70.0	64.0	36.0	26.0
pegRNA_355	C297C	89.0	139.0	64.0	110.0	111.0	93.0	123.0	135.0	105.0	179.0	157.0	123.0	99.0	109.0	91.0	289.0	228.0	204.0	284.0
pegRNA_356	Y300Y	148.0	225.0	129.0	143.0	244.0	177.0	156.0	168.0	141.0	142.0	195.0	135.0	118.0	130.0	109.0	277.0	373.0	421.0	283.0
pegRNA_357	Y300Y	30.0	110.0	42.0	56.0	25.0	48.0	56.0	93.0	52.0	32.0	40.0	65.0	84.0	47.0	48.0	230.0	140.0	73.0	84.0
pegRNA_358	H311H	59.0	116.0	108.0	106.0	142.0	106.0	139.0	128.0	141.0	98.0	94.0	88.0	139.0	123.0	102.0	281.0	175.0	248.0	239.0
pegRNA_359	H311H	74.0	118.0	99.0	91.0	217.0	158.0	181.0	106.0	165.0	111.0	108.0	91.0	139.0	105.0	146.0	229.0	192.0	375.0	276.0
pegRNA_360	R320R	90.0	131.0	53.0	157.0	143.0	149.0	145.0	169.0	68.0	165.0	127.0	68.0	84.0	112.0	87.0	194.0	221.0	292.0	233.0
pegRNA_361	R320R	35.0	43.0	40.0	53.0	38.0	62.0	38.0	75.0	39.0	45.0	54.0	16.0	22.0	48.0	51.0	116.0	78.0	100.0	84.0
pegRNA_362	G332G	15.0	22.0	45.0	15.0	50.0	11.0	17.0	68.0	25.0	50.0	16.0	28.0	49.0	34.0	35.0	134.0	37.0	61.0	75.0
pegRNA_363	G332G	166.0	209.0	211.0	99.0	181.0	167.0	209.0	144.0	239.0	168.0	150.0	122.0	149.0	165.0	115.0	351.0	375.0	348.0	407.0
pegRNA_364	G333G	98.0	196.0	117.0	111.0	149.0	107.0	158.0	172.0	184.0	99.0	140.0	99.0	158.0	134.0	110.0	320.0	294.0	256.0	283.0
pegRNA_365	G333G	14.0	32.0	22.0	25.0	35.0	38.0	34.0	29.0	28.0	46.0	30.0	38.0	30.0	32.0	32.0	115.0	46.0	73.0	74.0
pegRNA_366	P361P	28.0	36.0	16.0	31.0	45.0	23.0	27.0	67.0	34.0	23.0	22.0	20.0	22.0	20.0	27.0	76.0	64.0	68.0	57.0
pegRNA_367	P361P	10.0	7.0	0.0	2.0	2.0	1.0	3.0	5.0	1.0	2.0	1.0	2.0	1.0	3.0	3.0	15.0	17.0	3.0	3.0
pegRNA_368	R362R	32.0	34.0	17.0	17.0	15.0	30.0	15.0	61.0	21.0	44.0	23.0	24.0	24.0	18.0	17.0	82.0	66.0	45.0	65.0
pegRNA_369	R362R	0.0	0.0	0.0	0.0	0.0	1.0	1.0	1.0	1.0	1.0	0.0	1.0	0.0	1.0	1.0	4.0	0.0	1.0	2.0
pegRNA_370	G364G	5.0	8.0	1.0	6.0	7.0	2.0	3.0	7.0	4.0	3.0	9.0	4.0	1.0	3.0	4.0	22.0	13.0	9.0	7.0
pegRNA_371	G364G	21.0	20.0	15.0	19.0	29.0	24.0	8.0	8.0	15.0	2.0	12.0	4.0	7.0	5.0	19.0	76.0	41.0	53.0	17.0
pegRNA_372	V369V	0.0	1.0	1.0	0.0	3.0	3.0	0.0	1.0	2.0	2.0	0.0	0.0	0.0	7.0	5.0	3.0	1.0	6.0	4.0
pegRNA_373	V369V	35.0	39.0	9.0	5.0	22.0	13.0	22.0	40.0	3.0	60.0	5.0	3.0	14.0	17.0	13.0	48.0	74.0	35.0	63.0
pegRNA_374	G378G	4.0	8.0	2.0	5.0	21.0	7.0	1.0	11.0	11.0	3.0	5.0	4.0	9.0	3.0	7.0	31.0	12.0	28.0	14.0
pegRNA_375	G378G	31.0	57.0	26.0	18.0	74.0	21.0	42.0	37.0	45.0	34.0	34.0	45.0	62.0	41.0	63.0	129.0	88.0	95.0	79.0
pegRNA_376	R413R	102.0	142.0	108.0	173.0	120.0	135.0	149.0	228.0	156.0	147.0	94.0	96.0	103.0	123.0	141.0	337.0	244.0	255.0	303.0
pegRNA_377	R413R	93.0	109.0	79.0	74.0	79.0	112.0	95.0	172.0	57.0	127.0	111.0	36.0	68.0	57.0	79.0	264.0	202.0	191.0	184.0
pegRNA_378	N414N	53.0	67.0	17.0	51.0	56.0	31.0	64.0	83.0	37.0	74.0	51.0	42.0	57.0	40.0	55.0	199.0	120.0	87.0	111.0
pegRNA_379	N414N	151.0	191.0	76.0	157.0	233.0	144.0	159.0	361.0	110.0	161.0	175.0	117.0	177.0	111.0	115.0	564.0	342.0	377.0	271.0
pegRNA_380	R415R	166.0	198.0	91.0	137.0	217.0	231.0	226.0	278.0	101.0	236.0	162.0	153.0	211.0	177.0	161.0	485.0	364.0	448.0	337.0
pegRNA_381	R415R	52.0	91.0	22.0	73.0	75.0	111.0	87.0	145.0	36.0	85.0	102.0	49.0	67.0	67.0	65.0	242.0	143.0	186.0	121.0
pegRNA_382	I416I	0.0	0.0	0.0	0.0	0.0	0.0	0.0	0.0	0.0	0.0	0.0	0.0	0.0	0.0	0.0	12.0	0.0	0.0	0.0
pegRNA_383	I416I	64.0	66.0	52.0	45.0	82.0	41.0	109.0	72.0	84.0	88.0	75.0	78.0	69.0	67.0	85.0	227.0	130.0	123.0	172.0
pegRNA_384	G430G	34.0	20.0	15.0	33.0	47.0	63.0	45.0	45.0	58.0	63.0	23.0	26.0	28.0	16.0	34.0	117.0	54.0	110.0	121.0
pegRNA_385	G430G	26.0	66.0	30.0	46.0	76.0	95.0	59.0	91.0	70.0	68.0	41.0	26.0	53.0	60.0	50.0	166.0	92.0	171.0	138.0
pegRNA_386	G462G	110.0	168.0	200.0	128.0	197.0	113.0	162.0	238.0	143.0	174.0	201.0	146.0	188.0	141.0	157.0	414.0	278.0	310.0	317.0
pegRNA_387	G462G	114.0	215.0	140.0	135.0	180.0	144.0	185.0	171.0	175.0	163.0	168.0	112.0	164.0	181.0	122.0	340.0	329.0	324.0	338.0
pegRNA_388	V465V	47.0	43.0	39.0	44.0	60.0	58.0	61.0	50.0	44.0	89.0	53.0	39.0	51.0	28.0	40.0	111.0	90.0	118.0	133.0
pegRNA_389	V465V	38.0	59.0	36.0	30.0	87.0	53.0	71.0	20.0	67.0	57.0	51.0	24.0	36.0	30.0	51.0	108.0	97.0	140.0	124.0
pegRNA_390	G480G	264.0	428.0	200.0	238.0	523.0	378.0	350.0	467.0	280.0	533.0	470.0	279.0	341.0	435.0	353.0	621.0	692.0	901.0	813.0
pegRNA_391	G480G	136.0	190.0	122.0	120.0	129.0	137.0	159.0	219.0	179.0	159.0	182.0	153.0	137.0	125.0	142.0	248.0	326.0	266.0	338.0
pegRNA_392	S508S	33.0	53.0	45.0	43.0	66.0	72.0	59.0	85.0	75.0	131.0	94.0	78.0	63.0	90.0	64.0	250.0	86.0	138.0	206.0
pegRNA_393	S508S	89.0	105.0	87.0	110.0	131.0	80.0	110.0	80.0	84.0	170.0	89.0	48.0	92.0	74.0	91.0	297.0	194.0	211.0	254.0
pegRNA_394	A510A	64.0	86.0	92.0	77.0	104.0	72.0	106.0	98.0	58.0	114.0	45.0	58.0	84.0	58.0	66.0	257.0	150.0	176.0	172.0
pegRNA_395	A510A	32.0	35.0	10.0	27.0	28.0	20.0	21.0	32.0	24.0	19.0	32.0	9.0	17.0	10.0	20.0	95.0	67.0	48.0	43.0
pegRNA_396	G524G	1292.0	2110.0	765.0	1319.0	1781.0	1519.0	1482.0	2265.0	1276.0	1883.0	1883.0	1155.0	1387.0	1608.0	1233.0	1560.0	3402.0	3300.0	3159.0
pegRNA_397	G524G	2209.0	3830.0	1761.0	2676.0	4093.0	3404.0	3284.0	3816.0	3412.0	4470.0	4014.0	2674.0	4209.0	4575.0	3836.0	3136.0	6039.0	7497.0	7882.0
pegRNA_398	R536R	36.0	43.0	23.0	50.0	56.0	25.0	28.0	53.0	32.0	42.0	34.0	24.0	29.0	26.0	22.0	77.0	79.0	81.0	74.0
pegRNA_399	R536R	114.0	161.0	73.0	97.0	168.0	152.0	100.0	189.0	127.0	175.0	151.0	99.0	109.0	145.0	88.0	251.0	275.0	320.0	302.0
pegRNA_400	G558G	21.0	55.0	47.0	19.0	45.0	24.0	39.0	55.0	52.0	41.0	30.0	44.0	45.0	31.0	31.0	209.0	76.0	69.0	93.0
pegRNA_401	G558G	277.0	315.0	140.0	195.0	303.0	252.0	228.0	232.0	216.0	355.0	269.0	161.0	213.0	270.0	194.0	344.0	592.0	555.0	571.0
pegRNA_402	V568V	60.0	96.0	70.0	76.0	112.0	45.0	100.0	79.0	101.0	57.0	79.0	78.0	73.0	62.0	58.0	268.0	156.0	157.0	158.0
pegRNA_403	V568V	547.0	1015.0	531.0	659.0	1053.0	777.0	917.0	1003.0	731.0	968.0	819.0	659.0	876.0	1013.0	750.0	1007.0	1562.0	1830.0	1699.0
pegRNA_404	Y572Y	309.0	532.0	259.0	783.0	447.0	405.0	410.0	400.0	377.0	481.0	586.0	356.0	512.0	578.0	502.0	786.0	841.0	852.0	858.0
pegRNA_405	Y572Y	184.0	181.0	67.0	169.0	164.0	114.0	132.0	209.0	148.0	182.0	213.0	145.0	109.0	146.0	111.0	391.0	365.0	278.0	330.0
pegRNA_406	R601R	98.0	174.0	87.0	174.0	246.0	260.0	238.0	348.0	145.0	268.0	198.0	189.0	153.0	167.0	175.0	307.0	272.0	506.0	413.0
pegRNA_407	R601R	64.0	131.0	102.0	134.0	168.0	173.0	144.0	110.0	124.0	164.0	121.0	118.0	138.0	112.0	138.0	236.0	195.0	341.0	288.0
pegRNA_408	G603G	87.0	182.0	123.0	148.0	202.0	138.0	160.0	189.0	159.0	153.0	113.0	110.0	139.0	116.0	139.0	271.0	269.0	340.0	312.0
pegRNA_409	G603G	107.0	157.0	59.0	120.0	171.0	168.0	161.0	303.0	88.0	224.0	169.0	102.0	96.0	138.0	149.0	271.0	264.0	339.0	312.0
pegRNA_410	safe-target-1	1021.0	2148.0	1119.0	1466.0	2067.0	1981.0	2275.0	2337.0	1996.0	2642.0	2110.0	1491.0	1982.0	2442.0	1811.0	2038.0	3169.0	4048.0	4638.0
pegRNA_411	safe-target-2	486.0	845.0	316.0	638.0	774.0	459.0	575.0	831.0	638.0	640.0	548.0	474.0	531.0	608.0	463.0	1301.0	1331.0	1233.0	1278.0
pegRNA_412	safe-target-3	910.0	1744.0	736.0	1031.0	1696.0	994.0	1299.0	1590.0	1309.0	1478.0	1404.0	943.0	1145.0	1364.0	988.0	1747.0	2654.0	2690.0	2787.0
pegRNA_413	safe-target-4	1042.0	1948.0	936.0	1201.0	2010.0	1647.0	1868.0	1746.0	1481.0	2171.0	1716.0	1391.0	2088.0	2471.0	1872.0	2188.0	2990.0	3657.0	3652.0
pegRNA_414	safe-target-5	901.0	1296.0	697.0	945.0	1293.0	1120.0	1231.0	1462.0	1011.0	1499.0	1230.0	964.0	1306.0	1625.0	1190.0	1539.0	2197.0	2413.0	2510.0
pegRNA_415	safe-target-6	1768.0	3566.0	1712.0	2433.0	3441.0	2647.0	3214.0	3933.0	2525.0	4049.0	3233.0	2042.0	2375.0	3313.0	1984.0	2630.0	5334.0	6088.0	6574.0
pegRNA_416	safe-target-7	2079.0	3493.0	1454.0	2154.0	3195.0	2680.0	2901.0	3374.0	2375.0	3608.0	3146.0	1985.0	2660.0	3275.0	2420.0	3206.0	5572.0	5875.0	5983.0
pegRNA_417	safe-target-8	1706.0	3315.0	1542.0	2310.0	3166.0	2741.0	3398.0	3693.0	2398.0	4003.0	3329.0	2089.0	2595.0	3400.0	2031.0	2641.0	5021.0	5907.0	6401.0
pegRNA_418	safe-target-9	49.0	91.0	101.0	43.0	101.0	144.0	83.0	144.0	42.0	124.0	89.0	51.0	175.0	171.0	116.0	634.0	140.0	245.0	166.0
pegRNA_419	safe-target-10	1223.0	2440.0	945.0	1774.0	2233.0	1192.0	2672.0	3028.0	1306.0	1746.0	1813.0	1012.0	404.0	703.0	380.0	516.0	3663.0	3425.0	3052.0
pegRNA_420	safe-target-11	180.0	345.0	216.0	320.0	383.0	279.0	264.0	375.0	260.0	345.0	354.0	237.0	304.0	321.0	260.0	1162.0	525.0	662.0	605.0
pegRNA_421	safe-target-12	0.0	46.0	25.0	51.0	29.0	17.0	57.0	60.0	33.0	59.0	48.0	13.0	51.0	39.0	50.0	210.0	46.0	46.0	92.0
pegRNA_422	safe-target-13	28.0	52.0	34.0	40.0	8.0	16.0	24.0	28.0	82.0	43.0	65.0	26.0	73.0	60.0	55.0	240.0	80.0	24.0	125.0
pegRNA_423	safe-target-14	2042.0	3576.0	1540.0	2209.0	3738.0	3107.0	3349.0	3900.0	2670.0	4737.0	3136.0	2035.0	2839.0	3864.0	2366.0	2389.0	5618.0	6845.0	7407.0
pegRNA_424	safe-target-15	1529.0	2173.0	830.0	1707.0	2517.0	1212.0	2315.0	2962.0	1081.0	1937.0	1432.0	763.0	284.0	463.0	201.0	1275.0	3702.0	3729.0	3018.0
pegRNA_425	safe-target-16	3846.0	7811.0	3513.0	5030.0	7496.0	6422.0	7123.0	8809.0	6546.0	9559.0	7330.0	4658.0	6549.0	8927.0	5471.0	5436.0	11657.0	13918.0	16105.0
pegRNA_426	safe-target-17	3110.0	6112.0	3313.0	4289.0	6732.0	5718.0	6582.0	7293.0	5426.0	9065.0	6152.0	4073.0	5666.0	7642.0	4665.0	5034.0	9222.0	12450.0	14491.0
pegRNA_427	safe-target-18	3461.0	7081.0	3428.0	4746.0	7589.0	5708.0	7331.0	8553.0	5660.0	9126.0	7081.0	4329.0	6181.0	7884.0	4794.0	5321.0	10542.0	13297.0	14786.0
pegRNA_428	safe-target-19	2823.0	4966.0	2312.0	3365.0	5209.0	3890.0	4690.0	5345.0	4252.0	6449.0	4595.0	2718.0	4139.0	5446.0	4027.0	4578.0	7789.0	9099.0	10701.0
pegRNA_429	safe-target-20	2739.0	4728.0	2443.0	3270.0	4832.0	4271.0	5329.0	5512.0	3713.0	6745.0	4541.0	2960.0	3309.0	5155.0	2988.0	3078.0	7467.0	9103.0	10458.0
pegRNA_430	safe-target-21	1424.0	3546.0	1389.0	2257.0	3427.0	2853.0	3906.0	4227.0	2569.0	4392.0	3298.0	2313.0	2583.0	3244.0	1946.0	2237.0	4970.0	6280.0	6961.0
pegRNA_431	safe-target-22	1504.0	2712.0	1282.0	1927.0	2379.0	2438.0	2664.0	2942.0	2227.0	3182.0	2473.0	1942.0	2213.0	2922.0	1938.0	2801.0	4216.0	4817.0	5409.0
pegRNA_432	safe-target-23	1945.0	3783.0	1796.0	2270.0	3282.0	2988.0	3266.0	3753.0	2405.0	4362.0	3591.0	2010.0	2851.0	3862.0	2410.0	3195.0	5728.0	6270.0	6767.0
pegRNA_433	safe-target-24	31.0	25.0	11.0	4.0	18.0	29.0	18.0	18.0	2.0	5.0	11.0	1.0	28.0	10.0	16.0	123.0	56.0	47.0	7.0
pegRNA_434	safe-target-25	537.0	950.0	397.0	573.0	1030.0	592.0	711.0	1022.0	747.0	908.0	779.0	618.0	491.0	552.0	383.0	679.0	1487.0	1622.0	1655.0
pegRNA_435	safe-target-26	390.0	825.0	337.0	569.0	882.0	497.0	832.0	1018.0	613.0	720.0	710.0	430.0	255.0	323.0	216.0	386.0	1215.0	1379.0	1333.0
pegRNA_436	safe-target-27	1316.0	2899.0	1358.0	1579.0	2650.0	2339.0	2652.0	2435.0	1981.0	3642.0	2395.0	1902.0	2674.0	3134.0	2197.0	2111.0	4215.0	4989.0	5623.0
pegRNA_437	safe-target-28	95.0	276.0	71.0	157.0	188.0	119.0	181.0	147.0	146.0	169.0	203.0	161.0	157.0	179.0	130.0	582.0	371.0	307.0	315.0
pegRNA_438	safe-target-29	39.0	205.0	75.0	117.0	140.0	121.0	117.0	136.0	151.0	216.0	196.0	121.0	232.0	226.0	188.0	615.0	244.0	261.0	367.0
pegRNA_439	safe-target-30	0.0	17.0	0.0	0.0	0.0	0.0	0.0	24.0	0.0	5.0	0.0	0.0	1.0	12.0	0.0	5.0	17.0	0.0	5.0
pegRNA_440	safe-target-31	2215.0	3778.0	1940.0	2598.0	4150.0	3041.0	3906.0	4733.0	2702.0	4840.0	3682.0	2625.0	3048.0	4365.0	2811.0	2027.0	5993.0	7191.0	7542.0
pegRNA_441	safe-target-32	2026.0	4248.0	1922.0	2812.0	4067.0	3312.0	3932.0	4309.0	3522.0	5130.0	4066.0	2681.0	3632.0	4551.0	2964.0	3374.0	6274.0	7379.0	8652.0
pegRNA_442	safe-target-33	2258.0	3856.0	2063.0	2752.0	3998.0	2874.0	3815.0	4120.0	3056.0	4602.0	3969.0	2492.0	3623.0	5020.0	3425.0	3696.0	6114.0	6872.0	7658.0
pegRNA_443	safe-target-34	13.0	66.0	28.0	31.0	48.0	63.0	115.0	92.0	24.0	28.0	49.0	50.0	61.0	66.0	46.0	257.0	79.0	111.0	52.0
pegRNA_444	safe-target-35	1017.0	2131.0	1029.0	1548.0	2000.0	1834.0	2368.0	2790.0	1752.0	2746.0	2097.0	1547.0	1992.0	2814.0	1850.0	1533.0	3148.0	3834.0	4498.0
pegRNA_445	safe-target-36	1049.0	2424.0	1221.0	1589.0	2302.0	1956.0	2460.0	3060.0	1629.0	2917.0	2376.0	1478.0	1959.0	2745.0	1935.0	1548.0	3473.0	4258.0	4546.0
pegRNA_446	safe-target-37	3810.0	7549.0	3503.0	4319.0	6921.0	6291.0	6791.0	8083.0	5203.0	8213.0	6900.0	4743.0	7227.0	9103.0	6535.0	6986.0	11359.0	13212.0	13416.0
pegRNA_447	safe-target-38	3419.0	6492.0	3254.0	4093.0	6510.0	5042.0	5635.0	6730.0	5160.0	7437.0	5974.0	3824.0	5579.0	6849.0	4495.0	5214.0	9911.0	11552.0	12597.0
pegRNA_448	safe-target-39	3345.0	6852.0	3253.0	4271.0	6626.0	6034.0	6460.0	7423.0	5060.0	8382.0	6796.0	4486.0	6994.0	8809.0	5813.0	4856.0	10197.0	12660.0	13442.0
pegRNA_449	safe-target-40	3134.0	6477.0	3191.0	3821.0	5817.0	5284.0	6072.0	6892.0	4786.0	7527.0	6124.0	4053.0	6106.0	7754.0	5171.0	4554.0	9611.0	11101.0	12313.0
pegRNA_450	safe-target-41	857.0	1802.0	803.0	1004.0	1413.0	1218.0	1690.0	2099.0	1445.0	1885.0	1562.0	1054.0	1388.0	1832.0	1269.0	1573.0	2659.0	2631.0	3330.0
pegRNA_451	safe-target-42	343.0	595.0	309.0	414.0	411.0	446.0	660.0	2752.0	449.0	683.0	593.0	327.0	353.0	473.0	268.0	580.0	938.0	857.0	1132.0
pegRNA_452	safe-target-43	456.0	607.0	227.0	441.0	707.0	495.0	744.0	845.0	408.0	830.0	611.0	366.0	415.0	459.0	338.0	569.0	1063.0	1202.0	1238.0
pegRNA_453	safe-target-44	2655.0	4774.0	2751.0	3417.0	4947.0	4165.0	5208.0	6504.0	4083.0	6270.0	4438.0	3316.0	3720.0	4672.0	2800.0	5419.0	7429.0	9112.0	10353.0
pegRNA_454	safe-target-45	2691.0	4942.0	2323.0	2952.0	4383.0	3980.0	4536.0	5073.0	3541.0	5788.0	4563.0	3139.0	4387.0	5442.0	4180.0	4730.0	7633.0	8363.0	9329.0
pegRNA_455	safe-target-46	1436.0	3358.0	1561.0	1927.0	2657.0	2350.0	2680.0	2767.0	2100.0	3341.0	2923.0	1816.0	2740.0	3420.0	2470.0	2436.0	4794.0	5007.0	5441.0
pegRNA_456	safe-target-47	1083.0	2545.0	1268.0	1643.0	2578.0	2075.0	2563.0	2696.0	1738.0	3096.0	2388.0	1540.0	1712.0	2466.0	1668.0	1699.0	3628.0	4653.0	4834.0
pegRNA_457	safe-target-48	992.0	2004.0	996.0	1424.0	2171.0	1608.0	1913.0	2018.0	1466.0	2157.0	1828.0	1366.0	1972.0	2143.0	1847.0	2367.0	2996.0	3779.0	3623.0
pegRNA_458	safe-target-49	1523.0	2824.0	1467.0	1908.0	2661.0	2131.0	2699.0	3118.0	2062.0	3308.0	2833.0	1781.0	3162.0	3340.0	2804.0	2915.0	4347.0	4792.0	5370.0
pegRNA_459	safe-target-50	744.0	1213.0	682.0	739.0	1253.0	880.0	1080.0	1546.0	948.0	1387.0	1172.0	751.0	1282.0	1478.0	1075.0	2866.0	1957.0	2133.0	2335.0
pegRNA_460	non-target-1	1287.0	2737.0	1616.0	1573.0	2313.0	2196.0	1966.0	2642.0	1614.0	2369.0	2309.0	1717.0	3036.0	3274.0	2656.0	2319.0	4024.0	4509.0	3983.0
pegRNA_461	non-target-2	566.0	620.0	752.0	501.0	950.0	811.0	1289.0	780.0	907.0	713.0	715.0	464.0	1042.0	856.0	931.0	1502.0	1186.0	1761.0	1620.0
pegRNA_462	non-target-3	0.0	2.0	0.0	0.0	0.0	0.0	0.0	2.0	1.0	0.0	1.0	0.0	0.0	0.0	1.0	2.0	2.0	0.0	1.0
pegRNA_463	non-target-4	367.0	640.0	511.0	499.0	668.0	437.0	534.0	548.0	721.0	514.0	610.0	479.0	585.0	586.0	484.0	1054.0	1007.0	1105.0	1235.0
pegRNA_464	non-target-5	1109.0	1184.0	1169.0	810.0	1927.0	2187.0	2180.0	1178.0	1627.0	1819.0	1452.0	1258.0	1996.0	1649.0	2288.0	2010.0	2293.0	4114.0	3446.0
pegRNA_465	non-target-6	596.0	1036.0	800.0	754.0	1040.0	947.0	901.0	965.0	902.0	1085.0	1074.0	601.0	1012.0	1242.0	878.0	1570.0	1632.0	1987.0	1987.0
pegRNA_466	non-target-7	963.0	1572.0	743.0	930.0	1284.0	1304.0	1277.0	1713.0	1048.0	1829.0	1578.0	1029.0	1603.0	1869.0	1328.0	2294.0	2535.0	2588.0	2877.0
pegRNA_467	non-target-8	778.0	1259.0	878.0	879.0	1249.0	1020.0	1156.0	1429.0	1122.0	1813.0	1210.0	906.0	1422.0	1916.0	1542.0	2199.0	2037.0	2269.0	2935.0
pegRNA_468	non-target-9	479.0	580.0	296.0	435.0	684.0	414.0	533.0	675.0	460.0	703.0	609.0	539.0	686.0	687.0	643.0	1416.0	1059.0	1098.0	1163.0
pegRNA_469	non-target-10	1290.0	2113.0	1020.0	1264.0	2217.0	1810.0	1799.0	2209.0	1532.0	2585.0	2155.0	1097.0	2392.0	2984.0	2268.0	3594.0	3403.0	4027.0	4117.0
pegRNA_470	non-target-11	582.0	1603.0	1180.0	1079.0	1492.0	1143.0	1416.0	1455.0	1632.0	1590.0	1501.0	1057.0	1529.0	1636.0	1177.0	1300.0	2185.0	2635.0	3222.0
pegRNA_471	non-target-12	839.0	1389.0	983.0	884.0	1511.0	1097.0	1200.0	1691.0	997.0	1697.0	1472.0	871.0	1390.0	1845.0	1439.0	1780.0	2228.0	2608.0	2694.0
pegRNA_472	non-target-13	1229.0	2397.0	1032.0	1417.0	2327.0	1740.0	2174.0	1973.0	1752.0	2790.0	2527.0	1586.0	2493.0	2844.0	2357.0	2790.0	3626.0	4067.0	4542.0
pegRNA_473	non-target-14	1154.0	1990.0	874.0	1094.0	1375.0	1487.0	1553.0	1570.0	1298.0	2076.0	1694.0	1240.0	1688.0	2121.0	1637.0	3340.0	3144.0	2862.0	3374.0
pegRNA_474	non-target-15	1024.0	1538.0	934.0	703.0	1519.0	1265.0	1540.0	1579.0	1585.0	1531.0	1556.0	1111.0	1654.0	2041.0	1388.0	1776.0	2562.0	2784.0	3116.0
pegRNA_475	non-target-16	724.0	1369.0	596.0	902.0	1255.0	1246.0	1121.0	1346.0	885.0	1817.0	1188.0	915.0	1470.0	1654.0	1371.0	2169.0	2093.0	2501.0	2702.0
pegRNA_476	non-target-17	566.0	894.0	977.0	619.0	883.0	721.0	743.0	694.0	964.0	895.0	845.0	603.0	1158.0	1047.0	1004.0	1350.0	1460.0	1604.0	1859.0
pegRNA_477	non-target-18	1212.0	2523.0	1387.0	1578.0	2739.0	2384.0	2703.0	3112.0	1939.0	3478.0	3070.0	2224.0	2733.0	3578.0	2654.0	2203.0	3735.0	5123.0	5417.0
pegRNA_478	non-target-19	998.0	1960.0	730.0	1368.0	2113.0	1747.0	1592.0	1854.0	1350.0	2413.0	1752.0	1284.0	2039.0	2336.0	1936.0	2401.0	2958.0	3860.0	3763.0
pegRNA_479	non-target-20	1274.0	2364.0	948.0	1594.0	2075.0	1807.0	2119.0	2522.0	1563.0	2955.0	2163.0	1400.0	2483.0	2936.0	2397.0	3023.0	3638.0	3882.0	4518.0
pegRNA_480	non-target-21	1235.0	2525.0	1226.0	1580.0	2117.0	2054.0	2043.0	2429.0	1706.0	2904.0	2267.0	1790.0	2839.0	3376.0	2674.0	2888.0	3760.0	4171.0	4610.0
pegRNA_481	non-target-22	1294.0	2260.0	1156.0	1393.0	2146.0	1898.0	2233.0	2090.0	1861.0	2837.0	2305.0	1361.0	2650.0	3185.0	2489.0	2954.0	3554.0	4044.0	4698.0
pegRNA_482	non-target-23	1668.0	3578.0	1474.0	1846.0	2431.0	2232.0	2432.0	3028.0	2287.0	3270.0	2635.0	1825.0	3221.0	3880.0	2955.0	3311.0	5246.0	4663.0	5557.0
pegRNA_483	non-target-24	1252.0	2489.0	1224.0	1303.0	2383.0	2255.0	2287.0	2411.0	1982.0	2935.0	2281.0	1623.0	3224.0	3502.0	2870.0	3014.0	3741.0	4638.0	4917.0
pegRNA_484	non-target-25	1293.0	1763.0	771.0	1180.0	1944.0	1311.0	1751.0	1975.0	1404.0	2307.0	1906.0	1264.0	2079.0	2322.0	1837.0	3595.0	3056.0	3255.0	3711.0
pegRNA_485	non-target-26	519.0	1065.0	777.0	576.0	1148.0	849.0	910.0	1051.0	888.0	1092.0	979.0	753.0	1169.0	1190.0	1074.0	1022.0	1584.0	1997.0	1980.0
pegRNA_486	non-target-27	1141.0	2463.0	1039.0	1290.0	1991.0	1766.0	2016.0	2009.0	1708.0	2548.0	2188.0	1263.0	2285.0	2386.0	1862.0	3187.0	3604.0	3757.0	4256.0
pegRNA_487	non-target-28	895.0	1390.0	1104.0	699.0	1188.0	1019.0	1300.0	1454.0	1165.0	1505.0	1377.0	844.0	1620.0	1904.0	1627.0	3192.0	2285.0	2207.0	2670.0
pegRNA_488	non-target-29	1932.0	3179.0	1682.0	2040.0	2835.0	2526.0	3022.0	3193.0	2229.0	4138.0	2779.0	2135.0	3346.0	4132.0	3090.0	2726.0	5111.0	5361.0	6367.0
pegRNA_489	non-target-30	1240.0	2899.0	2122.0	1921.0	2579.0	2458.0	2553.0	3022.0	2214.0	3150.0	2761.0	1773.0	3148.0	3690.0	2800.0	2731.0	4139.0	5037.0	5364.0
pegRNA_490	non-target-31	1849.0	3246.0	1609.0	2086.0	3320.0	2808.0	3119.0	3474.0	2351.0	4466.0	3236.0	2353.0	4041.0	5013.0	3669.0	4322.0	5095.0	6128.0	6817.0
pegRNA_491	non-target-32	1230.0	1736.0	945.0	1314.0	1892.0	1649.0	1590.0	1982.0	1440.0	2171.0	1786.0	1212.0	2293.0	2444.0	1992.0	3607.0	2966.0	3541.0	3611.0
pegRNA_492	non-target-33	971.0	1290.0	1149.0	972.0	1127.0	1275.0	1521.0	1353.0	1381.0	1530.0	1353.0	955.0	1462.0	1823.0	1346.0	1689.0	2261.0	2402.0	2911.0
pegRNA_493	non-target-34	895.0	1947.0	871.0	1387.0	1819.0	1409.0	1287.0	2054.0	1194.0	1732.0	1918.0	1386.0	1944.0	1976.0	1665.0	1761.0	2842.0	3228.0	2926.0
pegRNA_494	non-target-35	1174.0	2300.0	1700.0	1376.0	2188.0	1946.0	1618.0	2018.0	1747.0	2446.0	1981.0	1373.0	2383.0	2462.0	1891.0	2306.0	3474.0	4134.0	4193.0
pegRNA_495	non-target-36	1275.0	2319.0	1419.0	1541.0	2720.0	2255.0	2313.0	2913.0	1714.0	3298.0	2709.0	1733.0	3280.0	3720.0	2813.0	3646.0	3594.0	4975.0	5012.0
pegRNA_496	non-target-37	744.0	1572.0	725.0	922.0	1740.0	1495.0	1562.0	1612.0	1045.0	1992.0	1557.0	1165.0	1825.0	2230.0	1620.0	1570.0	2316.0	3235.0	3037.0
pegRNA_497	non-target-38	725.0	1319.0	1135.0	887.0	1307.0	941.0	1697.0	1295.0	1402.0	1423.0	1207.0	984.0	1413.0	1585.0	1297.0	1565.0	2044.0	2248.0	2825.0
pegRNA_498	non-target-39	1722.0	2828.0	1636.0	1775.0	2888.0	2291.0	2803.0	2812.0	1976.0	3572.0	2672.0	1875.0	2965.0	3570.0	2755.0	2564.0	4550.0	5179.0	5548.0
pegRNA_499	non-target-40	1333.0	2314.0	1073.0	1355.0	2228.0	1969.0	2032.0	2395.0	1783.0	2667.0	2090.0	1934.0	2608.0	2875.0	2310.0	2616.0	3647.0	4197.0	4450.0
pegRNA_500	non-target-41	766.0	1305.0	969.0	1067.0	1518.0	1161.0	1102.0	1414.0	1087.0	1558.0	1502.0	1005.0	1454.0	1725.0	1364.0	2249.0	2071.0	2679.0	2645.0
