id	num	neg|score	neg|p-value	neg|fdr	neg|rank	neg|goodsgrna	neg|lfc	pos|score	pos|p-value	pos|fdr	pos|rank	pos|goodsgrna	pos|lfc
safe-target-9	3	9.2972e-05	4.9804e-06	0.001006	1	3	-1.4552	0.99991	1.0	1.0	161	0	-1.4552
p.V369L	15	0.00019514	0.16177	1.0	2	4	0.14367	0.10896	4.9804e-06	1e-05	30	3	0.14367
p.I416F	15	0.00021772	0.16714	1.0	3	6	-0.30281	0.84563	4.9804e-06	1e-05	117	0	-0.30281
V369V	5	0.00027187	0.021082	1.0	4	3	-1.052	0.098244	4.9804e-06	1e-05	28	1	-1.052
safe-target-34	3	0.00059755	0.0068679	0.693662	5	3	-0.96348	0.9994	0.99313	1.0	160	0	-0.96348
S45S	6	0.00072087	0.064401	1.0	6	3	-0.62838	0.9403	0.097421	0.149084	136	0	-0.62838
safe-target-12	3	0.0025476	0.04436	1.0	7	3	-0.72352	0.99745	0.95564	1.0	157	0	-0.72352
p.G364C	15	0.0029931	0.38878	1.0	8	6	-0.049826	0.013	4.9804e-06	1e-05	12	4	-0.049826
p.R71L	15	0.0038529	0.42157	1.0	9	6	-0.48469	0.99876	0.21991	0.31064	159	0	-0.48469
p.G332C	15	0.0050218	0.48246	1.0	10	2	0.24688	0.71464	4.9804e-06	1e-05	89	1	0.24688
safe-target-13	3	0.0068723	0.078287	1.0	11	2	-0.99598	0.52262	0.024479	0.048006	66	0	-0.99598
safe-target-29	3	0.00725	0.078655	1.0	12	2	-1.0056	0.97816	0.49851	0.645521	149	0	-1.0056
safe-target-30	2	0.010042	0.061353	1.0	13	1	-2.3321	0.8635	0.23295	0.326773	121	0	-2.3321
p.R362Q	15	0.014539	0.60223	1.0	14	4	0.14604	0.00017042	4.9804e-06	1e-05	6	6	0.14604
safe-target-24	3	0.019006	0.14067	1.0	15	1	0.48443	0.52875	0.024479	0.048006	68	0	0.48443
p.C171F	15	0.019823	0.65081	1.0	16	6	-0.44009	0.0011485	4.9804e-06	1e-05	9	2	-0.44009
p.G603V	15	0.022791	0.68927	1.0	17	3	0.12176	0.7859	4.9804e-06	1e-05	104	1	0.12176
Y300Y	6	0.025018	0.30595	1.0	18	2	0.18864	0.62994	4.9804e-06	1e-05	81	0	0.18864
p.P361L	15	0.03259	0.73416	1.0	19	4	-0.2179	0.96633	4.9804e-06	1e-05	145	0	-0.2179
p.W403C	15	0.034661	0.73616	1.0	20	3	0.31631	6.537e-05	4.9804e-06	1e-05	5	7	0.31631
p.R272C	15	0.03469	0.73616	1.0	21	4	0.23335	0.064066	4.9804e-06	1e-05	23	2	0.23335
safe-target-39	3	0.037106	0.20561	1.0	22	2	-0.69684	0.95859	0.34441	0.463803	142	0	-0.69684
P361P	6	0.042307	0.43577	1.0	23	2	0.48097	0.0060251	4.9804e-06	1e-05	11	1	0.48097
safe-target-49	3	0.055711	0.3254	1.0	24	2	-0.649	0.99005	0.7323	0.936231	155	0	-0.649
safe-target-4	3	0.062299	0.34822	1.0	25	2	-0.61895	0.98014	0.54467	0.700784	151	0	-0.61895
p.H311R	15	0.063475	0.81301	1.0	26	3	0.004483	0.80423	4.9804e-06	1e-05	109	1	0.004483
safe-target-35	3	0.069204	0.38259	1.0	27	2	-0.60238	0.92637	0.20419	0.294618	131	0	-0.60238
p.Glu82Asp	15	0.076756	0.85047	1.0	28	5	-0.30318	0.72688	4.9804e-06	1e-05	92	1	-0.30318
p.R320L	15	0.087042	0.86768	1.0	29	4	0.059281	0.3108	4.9804e-06	1e-05	47	2	0.059281
p.R260L	15	0.10255	0.88132	1.0	30	2	0.29901	0.29266	4.9804e-06	1e-05	41	1	0.29901
p.R71W	15	0.11661	0.88676	1.0	31	4	-0.051622	0.98368	0.11625	0.175238	154	0	-0.051622
R415R	6	0.1216	0.61291	1.0	32	2	-0.091678	0.98204	0.18385	0.267179	152	0	-0.091678
R240R	6	0.12394	0.61291	1.0	33	1	-0.22582	0.73186	4.9804e-06	1e-05	93	0	-0.22582
p.S224F	15	0.14517	0.90574	1.0	34	3	-0.28793	0.99785	0.21991	0.31064	158	0	-0.28793
p.A184G	15	0.14955	0.91649	1.0	35	3	0.2026	0.29929	4.9804e-06	1e-05	42	2	0.2026
p.G524C	15	0.15519	0.9165	1.0	36	4	-0.41022	0.081364	4.9804e-06	1e-05	26	3	-0.41022
R71R	6	0.17581	0.67999	1.0	37	2	-0.31665	0.58374	4.9804e-06	1e-05	77	0	-0.31665
G332G	6	0.18008	0.68868	1.0	38	1	0.020982	0.39972	4.9804e-06	1e-05	58	1	0.020982
p.P278S	15	0.18764	0.93401	1.0	39	1	0.067244	0.10574	4.9804e-06	1e-05	29	2	0.067244
H210H	6	0.19027	0.71603	1.0	40	1	0.72456	0.088284	4.9804e-06	1e-05	27	2	0.72456
E192E	6	0.197	0.71604	1.0	41	1	0.23157	0.68585	4.9804e-06	1e-05	87	0	0.23157
p.G333C	15	0.2078	0.94593	1.0	42	3	0.11106	0.31066	4.9804e-06	1e-05	46	1	0.11106
G378G	6	0.21253	0.74482	1.0	43	2	-0.004707	0.033744	4.9804e-06	1e-05	15	1	-0.004707
S224S	6	0.21362	0.74482	1.0	44	1	-0.12394	0.97108	0.14154	0.207178	148	0	-0.12394
p.P278L	15	0.2153	0.94685	1.0	45	2	0.26968	0.38304	4.9804e-06	1e-05	55	2	0.26968
p.W252L	15	0.22813	0.9537	1.0	46	1	0.079436	0.17276	4.9804e-06	1e-05	37	2	0.079436
p.V155F	15	0.24561	0.95548	1.0	47	2	-0.31086	0.93037	4.9804e-06	1e-05	132	0	-0.31086
p.R234W	15	0.26458	0.95915	1.0	48	3	0.29909	0.67478	4.9804e-06	1e-05	85	1	0.29909
safe-target-40	3	0.27507	0.63712	1.0	49	1	-0.59495	0.93421	0.24574	0.342337	134	0	-0.59495
safe-target-37	3	0.28959	0.64532	1.0	50	1	-0.55636	0.97847	0.49852	0.645521	150	0	-0.55636
p.R240L	13	0.3011	0.9518	1.0	51	1	0.12632	0.61144	4.9804e-06	1e-05	80	1	0.12632
safe-target-41	3	0.30708	0.66163	1.0	52	1	-0.32823	0.80536	0.071952	0.118181	110	0	-0.32823
p.R415H	15	0.31066	0.96577	1.0	53	2	0.28631	0.30351	4.9804e-06	1e-05	44	1	0.28631
S102S	6	0.32216	0.84137	1.0	54	1	-0.40581	0.50884	4.9804e-06	1e-05	63	0	-0.40581
safe-target-46	3	0.32583	0.70125	1.0	55	1	-0.56472	0.96541	0.36291	0.476018	143	0	-0.56472
p.L237V	15	0.33995	0.97173	1.0	56	3	0.13717	0.77111	4.9804e-06	1e-05	101	1	0.13717
H311H	6	0.34229	0.85077	1.0	57	1	0.0048046	0.59334	4.9804e-06	1e-05	78	0	0.0048046
p.G378C	15	0.35213	0.97557	1.0	58	1	0.31711	0.0044006	4.9804e-06	1e-05	10	5	0.31711
safe-target-27	3	0.36081	0.7412	1.0	59	1	-0.56316	0.94648	0.32596	0.444906	138	0	-0.56316
safe-target-5	3	0.36677	0.76522	1.0	60	1	-0.28791	0.93712	0.26592	0.367913	135	0	-0.28791
safe-target-33	3	0.37269	0.76523	1.0	61	1	-0.31489	0.95093	0.32597	0.444906	140	0	-0.31489
safe-target-45	3	0.3815	0.77331	1.0	62	1	-0.33786	0.96604	0.36291	0.476018	144	0	-0.33786
p.N238K	15	0.3849	0.9798	1.0	63	1	0.14568	0.94121	4.9804e-06	1e-05	137	0	0.14568
safe-target-48	3	0.38733	0.78107	1.0	64	1	-0.38606	0.9675	0.36291	0.476018	147	0	-0.38606
G603G	6	0.39178	0.87244	1.0	65	1	0.06405	0.76857	0.049619	0.084245	98	0	0.06405
safe-target-22	3	0.396	0.78952	1.0	66	1	-0.18996	0.79504	0.048285	0.084082	105	0	-0.18996
p.G558R	15	0.40169	0.98154	1.0	67	2	0.43264	0.038443	4.9804e-06	1e-05	16	4	0.43264
S508S	6	0.41276	0.87833	1.0	68	1	0.0033999	0.78361	0.049619	0.084245	102	0	0.0033999
safe-target-1	3	0.42153	0.83641	1.0	69	0	-0.56161	0.83056	0.071961	0.118181	115	0	-0.56161
p.R601L	15	0.43413	0.98752	1.0	70	1	0.39416	0.8933	4.9804e-06	1e-05	126	0	0.39416
safe-target-36	3	0.43814	0.87641	1.0	71	0	-0.53363	0.96709	0.36291	0.476018	146	0	-0.53363
p.W252C	15	0.44585	0.98753	1.0	72	1	-0.040228	0.75806	4.9804e-06	1e-05	95	1	-0.040228
safe-target-16	3	0.44633	0.88247	1.0	73	0	-0.4007	0.75409	0.048285	0.084082	94	0	-0.4007
R601R	6	0.45291	0.89911	1.0	74	1	-0.23971	0.91526	0.097421	0.149084	130	0	-0.23971
G333G	6	0.46018	0.89911	1.0	75	1	-0.21185	0.63519	4.9804e-06	1e-05	82	0	-0.21185
safe-target-50	3	0.46113	0.88858	1.0	76	0	-0.4175	0.95563	0.3444	0.463803	141	0	-0.4175
p.S45F	15	0.46343	0.98894	1.0	77	2	0.5339	0.47049	4.9804e-06	1e-05	60	2	0.5339
safe-target-23	3	0.46512	0.89423	1.0	78	0	-0.18448	0.89249	0.13996	0.206384	125	0	-0.18448
G558G	6	0.46737	0.89911	1.0	79	1	0.15563	0.57196	4.9804e-06	1e-05	74	0	0.15563
C171C	6	0.46975	0.89912	1.0	80	1	0.012261	0.16287	4.9804e-06	1e-05	34	1	0.012261
p.M161I	15	0.4905	0.98917	1.0	81	2	0.36354	0.53177	4.9804e-06	1e-05	69	1	0.36354
safe-target-42	3	0.49505	0.92509	1.0	82	0	0.32489	0.39023	4.9804e-06	1e-05	56	0	0.32489
safe-target-17	3	0.51022	0.95559	1.0	83	0	-0.49816	0.78364	0.048285	0.084082	103	0	-0.49816
p.W450L	15	0.51155	0.9895	1.0	84	1	-0.086252	0.93202	4.9804e-06	1e-05	133	0	-0.086252
safe-target-21	3	0.51893	0.9556	1.0	85	0	-0.24212	0.65453	0.048275	0.084082	84	0	-0.24212
p.L281M	15	0.52196	0.99003	1.0	86	2	0.26932	0.12378	4.9804e-06	1e-05	31	3	0.26932
safe-target-32	3	0.52385	0.96157	1.0	87	0	-0.47483	0.76268	0.048285	0.084082	97	0	-0.47483
Y572Y	6	0.52638	0.91096	1.0	88	1	-0.25655	0.35636	4.9804e-06	1e-05	52	1	-0.25655
safe-target-18	3	0.53964	0.96966	1.0	89	0	-0.37634	0.77031	0.048285	0.084082	99	0	-0.37634
P278P	6	0.56597	0.92575	1.0	90	1	0.93154	0.0010705	4.9804e-06	1e-05	8	4	0.93154
G430G	6	0.56997	0.92893	1.0	91	1	0.52756	0.30152	4.9804e-06	1e-05	43	1	0.52756
safe-target-8	3	0.57015	0.98178	1.0	92	0	-0.23787	0.77107	0.048285	0.084082	100	0	-0.23787
R320R	6	0.57196	0.92893	1.0	93	1	-0.1863	0.39178	4.9804e-06	1e-05	57	1	-0.1863
R260R	6	0.57394	0.92893	1.0	94	1	0.42394	0.072496	4.9804e-06	1e-05	24	2	0.42394
N238N	6	0.58374	0.93764	1.0	95	1	0.2908	0.56194	4.9804e-06	1e-05	73	0	0.2908
R362R	5	0.58528	0.93527	1.0	96	1	-0.027153	0.4954	4.9804e-06	1e-05	62	0	-0.027153
safe-target-20	3	0.586	0.98489	1.0	97	0	0.094377	0.70445	0.048285	0.084082	88	0	0.094377
safe-target-11	3	0.60473	0.98796	1.0	98	0	-0.066387	0.8943	0.13996	0.206384	127	0	-0.066387
safe-target-31	3	0.60581	0.98796	1.0	99	0	-0.11	0.90806	0.13997	0.206384	128	0	-0.11
safe-target-38	3	0.60905	0.98797	1.0	100	0	-0.33921	0.79574	0.048285	0.084082	106	0	-0.33921
N414N	6	0.61565	0.94979	1.0	101	1	0.14867	0.57394	4.9804e-06	1e-05	75	0	0.14867
safe-target-19	3	0.61972	0.99055	1.0	102	0	-0.18486	0.86226	0.094911	0.149084	120	0	-0.18486
safe-target-14	3	0.63535	0.99342	1.0	103	0	-0.10821	0.81336	0.071952	0.118181	113	0	-0.10821
safe-target-28	3	0.63944	0.99343	1.0	104	0	-0.24902	0.81728	0.071952	0.118181	114	0	-0.24902
safe-target-7	3	0.64754	0.99421	1.0	105	0	-0.080034	0.87016	0.094921	0.149084	122	0	-0.080034
V155V	6	0.68044	0.98559	1.0	106	0	-0.31196	0.85778	0.097411	0.149084	118	0	-0.31196
p.H274R	15	0.68141	0.99709	1.0	107	2	0.22921	0.3642	4.9804e-06	1e-05	54	2	0.22921
safe-target-47	3	0.68992	0.99725	1.0	108	0	-0.25718	0.8717	0.094921	0.149084	123	0	-0.25718
p.G462V	15	0.70513	0.99754	1.0	109	1	0.37298	0.049438	4.9804e-06	1e-05	20	4	0.37298
G524G	6	0.70673	0.98816	1.0	110	0	-0.19788	0.91159	0.097421	0.149084	129	0	-0.19788
safe-target-6	3	0.70889	0.99726	1.0	111	0	-0.058634	0.68249	0.048275	0.084082	86	0	-0.058634
p.N414I	15	0.7134	0.99799	1.0	112	2	0.025615	0.79754	4.9804e-06	1e-05	107	1	0.025615
p.Q163L	15	0.72387	0.99817	1.0	113	1	0.22168	0.94985	4.9804e-06	1e-05	139	0	0.22168
p.G430C	15	0.72688	0.99845	1.0	114	1	0.036878	0.55122	4.9804e-06	1e-05	71	1	0.036878
safe-target-44	3	0.72961	0.99772	1.0	115	0	-0.11941	0.5324	0.024479	0.048006	70	0	-0.11941
p.Y300C	15	0.72986	0.99845	1.0	116	1	0.25174	0.043237	4.9804e-06	1e-05	19	4	0.25174
R413R	6	0.74114	0.99418	1.0	117	0	0.11962	0.51327	4.9804e-06	1e-05	64	0	0.11962
L281L	6	0.75517	0.99725	1.0	118	0	0.11781	0.76012	4.9804e-06	1e-05	96	0	0.11781
Q163Q	6	0.76134	0.99821	1.0	119	0	-0.031095	0.71953	4.9804e-06	1e-05	91	0	-0.031095
p.G480R	15	0.76336	0.99865	1.0	120	1	-0.050532	0.85913	4.9804e-06	1e-05	119	0	-0.050532
R272R	6	0.77211	0.99864	1.0	121	0	-0.046927	0.16979	4.9804e-06	1e-05	36	1	-0.046927
p.R320Q	15	0.7835	0.99878	1.0	122	1	0.058681	0.36042	4.9804e-06	1e-05	53	2	0.058681
G364G	6	0.82953	0.99971	1.0	123	0	1.266	5.0493e-05	4.9804e-06	1e-05	3	3	1.266
G462G	6	0.83045	0.99971	1.0	124	0	-0.17154	0.80411	0.049629	0.084245	108	0	-0.17154
A184A	6	0.8403	0.99978	1.0	125	0	0.15346	0.40235	4.9804e-06	1e-05	59	1	0.15346
I416I	3	0.84142	0.99989	1.0	126	0	-0.029453	0.71721	0.048285	0.084082	90	0	-0.029453
G480G	6	0.84883	0.99981	1.0	127	0	-0.028762	0.87927	0.097411	0.149084	124	0	-0.028762
p.R413L	15	0.87002	0.99918	1.0	128	1	0.28671	0.28165	4.9804e-06	1e-05	40	2	0.28671
safe-target-3	3	0.87424	0.99999	1.0	129	0	0.035711	0.65155	0.048275	0.084082	83	0	0.035711
safe-target-2	3	0.8874	0.99999	1.0	130	0	0.23899	0.60797	0.048275	0.084082	79	0	0.23899
R234R	6	0.89056	0.99999	1.0	131	0	-0.088551	0.84117	0.097411	0.149084	116	0	-0.088551
C297C	6	0.89183	0.99999	1.0	132	0	-0.014293	0.51987	4.9804e-06	1e-05	65	0	-0.014293
V568V	6	0.89495	0.99999	1.0	133	0	-0.0033775	0.57592	4.9804e-06	1e-05	76	0	-0.0033775
p.S102L	15	0.89937	0.99946	1.0	134	1	0.23961	0.031432	4.9804e-06	1e-05	14	3	0.23961
p.E192K	15	0.90399	0.99947	1.0	135	1	0.21667	0.81284	4.9804e-06	1e-05	112	1	0.21667
A510A	6	0.92221	1.0	1.0	136	0	0.35733	0.063157	4.9804e-06	1e-05	22	2	0.35733
L237L	6	0.92411	1.0	1.0	137	0	-0.030247	0.49075	4.9804e-06	1e-05	61	0	-0.030247
H274H	6	0.93175	1.0	1.0	138	0	0.34189	0.041544	4.9804e-06	1e-05	17	1	0.34189
p.V568F	15	0.936	0.99986	1.0	139	0	0.27008	0.15757	4.9804e-06	1e-05	33	3	0.27008
safe-target-43	3	0.95039	1.0	1.0	140	0	0.30122	0.52753	0.024479	0.048006	67	0	0.30122
p.R413C	15	0.95167	0.99996	1.0	141	0	0.1706	0.081086	4.9804e-06	1e-05	25	2	0.1706
R536R	6	0.96614	1.0	1.0	142	0	0.47132	0.55583	4.9804e-06	1e-05	72	0	0.47132
p.Y572C	15	0.98113	1.0	1.0	143	0	-0.065185	0.81072	4.9804e-06	1e-05	111	1	-0.065185
p.V465L	15	0.98324	1.0	1.0	144	0	0.56375	0.14256	4.9804e-06	1e-05	32	2	0.56375
p.R536C	9	0.98555	1.0	1.0	145	0	0.51374	0.21939	4.9804e-06	1e-05	38	2	0.51374
safe-target-25	3	0.98889	1.0	1.0	146	0	0.57763	0.26364	4.9804e-06	1e-05	39	1	0.57763
G186G	6	0.99027	1.0	1.0	147	0	0.33689	0.33945	4.9804e-06	1e-05	51	1	0.33689
V465V	6	0.99155	1.0	1.0	148	0	0.3851	0.30747	4.9804e-06	1e-05	45	1	0.3851
p.G186C	15	0.99299	1.0	1.0	149	0	0.046346	0.165	4.9804e-06	1e-05	35	3	0.046346
p.C297F	15	0.99346	1.0	1.0	150	0	0.17839	0.32475	4.9804e-06	1e-05	49	1	0.17839
p.Gly31Glu	15	0.99471	1.0	1.0	151	0	-0.042602	0.99308	0.2199	0.31064	156	0	-0.042602
p.A510V	15	0.99515	1.0	1.0	152	0	0.64518	0.054982	4.9804e-06	1e-05	21	4	0.64518
p.S508R	15	0.99549	1.0	1.0	153	0	0.2371	0.31464	4.9804e-06	1e-05	48	2	0.2371
p.H210P	15	0.99637	1.0	1.0	154	0	0.99176	4.9341e-06	4.9804e-06	1e-05	2	8	0.99176
p.G480W	15	0.99705	1.0	1.0	155	0	-0.11626	0.33378	4.9804e-06	1e-05	50	2	-0.11626
p.M550K	15	0.99918	1.0	1.0	156	0	0.31572	0.015151	4.9804e-06	1e-05	13	5	0.31572
safe-target-26	3	0.99939	1.0	1.0	157	0	1.1254	0.00061195	4.9804e-06	1e-05	7	3	1.1254
p.Glu79Gln	15	0.99984	1.0	1.0	158	0	0.38756	0.042251	4.9804e-06	1e-05	18	4	0.38756
p.Arg34Gly	15	0.99984	1.0	1.0	159	0	0.066374	0.98346	0.11625	0.175238	153	0	0.066374
safe-target-10	3	0.99994	1.0	1.0	160	0	1.7256	6.3678e-05	4.9804e-06	1e-05	4	3	1.7256
safe-target-15	3	1.0	1.0	1.0	161	0	2.3687	5.9043e-07	4.9804e-06	1e-05	1	3	2.3687
