sgRNA	Gene	REP1_PreSort	REP2_PreSort	REP3_PreSort	REP1_Q1	REP2_Q1	REP3_Q1
pegRNA_1	p.R601L	78.772096427306	76.89078397168912	101.70087234962345	108.19788553479906	116.91857298283571	78.42674243986555
pegRNA_2	p.R601L	257.7995883075469	276.8068222980808	339.3597529982172	339.1080071029678	339.98690301587754	293.06835332791866
pegRNA_3	p.R601L	116.6236232819855	109.56936715965699	131.67586630530195	174.17220598284726	111.53416501652092	103.19308215771782
pegRNA_4	p.R601L	62.4038685982554	71.12397517381243	73.86694939077914	26.389728179219283	105.38055591216114	69.13936504567094
pegRNA_5	p.R601L	125.83075143582646	114.37504115788755	153.08657627364371	184.728097254535	189.22347995906307	210.5138876017444
pegRNA_6	p.V155F	603.5784011962407	610.3205977752823	519.2097167322881	449.9448654556888	323.06447797888814	446.8260457429182
pegRNA_7	p.V155F	790.790006991007	779.4803225129984	700.1302159647762	637.3119355281457	553.8248193923797	557.2426436516763
pegRNA_8	p.V155F	115.60060904266983	137.4422763493943	96.348194857538	87.08610299142363	61.53609104359774	75.33094997513402
pegRNA_9	p.V155F	38.87454109399516	31.71744838832176	46.03302643193482	54.09894276739953	43.84446486856339	40.24530204150995
pegRNA_10	p.V155F	53.19674044441444	54.784683579828496	70.65534289552787	60.696374812204354	86.91972859908182	67.07550340251659
pegRNA_11	p.G333C	50.12769772646745	27.872909189737303	40.68034893984938	42.22356508675085	37.69085576420362	26.830201361006637
pegRNA_12	p.G333C	197.44174818792283	137.4422763493943	175.5678217404026	101.60045348999424	156.14783102312927	209.4819567801672
pegRNA_13	p.G333C	53.19674044441444	79.77418837062746	71.72587839394495	19.792296134414464	70.7665047001374	61.915849294630696
pegRNA_14	p.G333C	110.48553784609152	62.4737619769974	105.9830143432918	142.50453216778413	186.91587654492815	114.54432119506679
pegRNA_15	p.G333C	21.48329902562891	26.91177439009119	28.904458457261402	29.02870099714121	40.767660316383505	29.92599382573817
pegRNA_16	p.G186C	207.67189058107945	222.98327351789843	225.88299016600575	160.97734189323762	199.2230947536477	189.87527117020082
pegRNA_17	p.G186C	141.1759650255614	119.18071515611813	103.84194334645763	116.11480398856484	158.4554344372642	198.13071774281823
pegRNA_18	p.G186C	283.37494429043846	249.8950479079896	224.81245466758867	246.74395847570028	237.6831516558963	232.18443485486512
pegRNA_19	p.G186C	63.42688283757106	87.46326676779637	86.71337537178421	85.76661658246267	134.61019915787006	88.74605065563733
pegRNA_20	p.G186C	32.73645565810119	36.52312238655233	27.833922958844312	51.4599699494776	69.99730356209244	62.94778011620787
pegRNA_21	p.G364C	2.0460284786313245	0.9611347996461139	1.070535498417089	1.3194864089609641	7.692011380449718	3.095792464731535
pegRNA_22	p.G364C	86.9562103418313	56.706953179120724	84.57230437495002	52.779456358438566	65.3820967338226	30.957924647315348
pegRNA_23	p.G364C	5.115071196578311	11.533617595753366	6.423212990502534	3.9584592268828924	2.3076034141349155	2.0638616431543566
pegRNA_24	p.G364C	18.41425630768192	14.417021994691709	16.058032476256333	9.236404862726749	25.38363755548407	15.478962323657674
pegRNA_25	p.G364C	10.230142393156623	11.533617595753366	19.2696389715076	23.750755361297355	30.76804552179887	29.92599382573817
pegRNA_26	p.G430C	13.29918511110361	19.22269599292228	32.116064952512666	9.236404862726749	17.69162617503435	18.57475478838921
pegRNA_27	p.G430C	48.081669247836125	66.31830117558187	65.30266540344243	51.4599699494776	53.84407966314803	87.71411983406016
pegRNA_28	p.G430C	1.0230142393156623	2.8834043989383416	1.070535498417089	0.0	3.846005690224859	0.0
pegRNA_29	p.G430C	223.01710417081438	146.09248954620932	249.43477113118172	303.48187406102176	346.1405121202373	255.91884375114023
pegRNA_30	p.G430C	153.45213589734934	120.14184995576424	153.08657627364371	153.06042343947183	196.14629020146782	165.10893145234854
pegRNA_31	p.R272C	16.368227829050596	15.378156794337823	17.128567974673423	5.277945635843857	11.538017070674577	1.0319308215771783
pegRNA_32	p.R272C	29.667412940154207	27.872909189737303	59.949987911356985	34.306646632985064	43.84446486856339	37.14950957677842
pegRNA_33	p.R272C	14.322199350419272	9.61134799646114	23.551780965175958	47.50151072259471	28.460442107663958	27.862132182583814
pegRNA_34	p.R272C	54.2197546837301	48.05673998230569	58.87945241293989	72.57175249285302	63.07449331968769	88.74605065563733
pegRNA_35	p.R272C	89.00223882046262	85.54099716850413	90.99551736545256	56.73791558532146	102.30375135998125	62.94778011620787
pegRNA_36	p.G480W	513.5531481364625	573.79747538873	471.0356193035191	465.77870236322036	471.5202976215677	384.9101964482875
pegRNA_37	p.G480W	251.6615028716529	302.7574618885259	222.6713836707545	302.1623876520608	257.6823812450655	205.3542334938585
pegRNA_38	p.G480W	161.63624981187465	148.97589394514765	141.31068579105573	135.9071001229793	131.53339460569018	285.8448375768784
pegRNA_39	p.G480W	243.47738895712763	301.79632708887976	247.29370013434755	290.2870099714121	283.0660188005496	268.30201361006635
pegRNA_40	p.G480W	60.35784011962407	40.36766158513679	41.75088443826647	52.779456358438566	55.38248193923797	99.06535887140912
pegRNA_41	p.R320L	87.97922458114695	88.42440156744249	107.0535498417089	100.28096708103328	94.61173997953154	59.85198765147634
pegRNA_42	p.R320L	48.081669247836125	32.678583187967874	47.103561930351916	50.14048354051664	35.3832523500687	19.606685609966387
pegRNA_43	p.R320L	52.173726205098774	32.678583187967874	69.58480739711078	35.626133041946034	53.07487852510305	38.1814403983556
pegRNA_44	p.R320L	126.85376567514211	105.72482796107253	159.50978926414626	265.2167682011538	102.30375135998125	105.2569438008722
pegRNA_45	p.R320L	35.80549837604818	50.94014438124404	57.808916914522804	91.04456221830652	79.99691835667707	58.820056829899166
pegRNA_46	p.R320Q	105.37046664951322	90.34667116673471	118.82944032429687	109.51737194376003	179.9930663025234	90.80991229879169
pegRNA_47	p.R320Q	22.50631326494457	49.01787478195181	19.2696389715076	35.626133041946034	44.61366600660836	33.021786290469706
pegRNA_48	p.R320Q	43.989612290573476	31.71744838832176	38.5392779430152	26.389728179219283	33.075648935933785	39.213371219932775
pegRNA_49	p.R320Q	104.34745241019755	99.95801916319584	145.5928277847241	154.37990984843282	126.91818777742034	140.34259173449624
pegRNA_50	p.R320Q	41.943583811942155	51.90127918089015	53.52677492085445	102.9199398989552	56.15168307728294	49.53267943570456
pegRNA_51	p.R362Q	25.57535598289156	18.261561193276165	14.987496977839246	5.277945635843857	18.460827313079324	16.510893145234853
pegRNA_52	p.R362Q	6.138085435893974	4.80567399823057	11.775890482587979	27.709214588180245	11.538017070674577	10.319308215771784
pegRNA_53	p.R362Q	33.75946989741686	38.44539198584456	40.68034893984938	85.76661658246267	59.228487629462826	26.830201361006637
pegRNA_54	p.R362Q	13.29918511110361	29.79517878902953	23.551780965175958	48.82099713155567	33.075648935933785	5.159654107885892
pegRNA_55	p.R362Q	8.184113914525298	6.727943597522797	4.282141993668356	26.389728179219283	3.846005690224859	12.38316985892614
pegRNA_56	p.G462V	58.31181164099275	52.86241398053627	67.4437364002766	55.41842917636049	102.30375135998125	67.07550340251659
pegRNA_57	p.G462V	49.10468348715179	32.678583187967874	65.30266540344243	67.29380685700917	62.30529218164272	81.52253490459708
pegRNA_58	p.G462V	155.49816437598065	160.50951154090103	131.67586630530195	88.4055894003846	117.68777412088069	230.12057321171076
pegRNA_59	p.G462V	100.2553954529349	106.68596276071865	99.55980135278928	105.55891271687713	138.45620484809493	173.36437802496596
pegRNA_60	p.G462V	30.690427179469868	10.572482796107254	18.199103473090513	21.111782543375426	31.537246659843845	43.34109450624149
pegRNA_61	p.C297F	69.56496827346504	107.64709756036476	79.21962688286459	87.08610299142363	106.1497570502061	89.77798147721451
pegRNA_62	p.C297F	26.59837022220722	24.028369991152847	29.974993955678492	23.750755361297355	25.38363755548407	51.59654107885891
pegRNA_63	p.C297F	27.62138446152288	26.91177439009119	16.058032476256333	27.709214588180245	31.537246659843845	48.50074861412738
pegRNA_64	p.C297F	54.2197546837301	57.668087978766835	48.174097428769	83.12764376454074	86.15052746103684	72.23515751040249
pegRNA_65	p.C297F	481.8397067176769	467.1115126280114	462.47133531618243	538.3504548560734	428.4450338910493	359.11192590885804
pegRNA_66	p.G332C	35.80549837604818	40.36766158513679	59.949987911356985	43.543051495711815	59.228487629462826	69.13936504567094
pegRNA_67	p.G332C	191.30366275202886	228.7500823157751	229.09459666125704	248.06344488466127	190.761882235153	200.1945793859726
pegRNA_68	p.G332C	248.59246015370593	209.52738632285283	199.11960270557856	188.68655648141788	235.37554824176138	238.37601978432818
pegRNA_69	p.G332C	67.51893979483371	41.3287963847829	72.79641389236205	1.3194864089609641	49.228872834878196	24.76633971785228
pegRNA_70	p.G332C	15.345213589734934	24.028369991152847	19.2696389715076	31.66767381506314	39.998459178338535	31.98985546889253
pegRNA_71	p.P278S	11.253156632472285	10.572482796107254	11.775890482587979	2.6389728179219283	13.845620484809492	31.98985546889253
pegRNA_72	p.P278S	11.253156632472285	5.766808797876683	3.211606495251267	10.555891271687713	6.1536091043597745	13.415100680503318
pegRNA_73	p.P278S	43.989612290573476	27.872909189737303	31.04552945409558	42.22356508675085	33.075648935933785	53.66040272201327
pegRNA_74	p.P278S	43.989612290573476	61.51262717735129	61.02052340977407	64.65483403908725	59.228487629462826	63.97971093778506
pegRNA_75	p.P278S	349.8708698459565	309.4854054860487	376.8284954428153	306.12084687894367	295.3732370092692	341.569101942046
pegRNA_76	p.R413C	221.9940899314987	186.4601511313461	229.09459666125704	208.47885261583232	209.9919106862773	220.83319581751616
pegRNA_77	p.R413C	146.2910362221397	158.5872419416088	221.6008481723374	158.3383690753157	164.60904354162398	192.97106363493234
pegRNA_78	p.R413C	33.75946989741686	20.183830792568394	31.04552945409558	110.83685835272098	56.920884215327916	41.277232863087136
pegRNA_79	p.R413C	197.44174818792283	153.78156794337823	246.22316463593046	340.42749351192873	269.9895994537851	184.71561706231492
pegRNA_80	p.R413C	73.65702523072768	72.08510997345854	115.61783382904561	93.68353503622845	108.45736046434102	78.42674243986555
pegRNA_81	p.R413L	184.14256307681921	188.38242073063833	207.68388669291525	238.82704002193452	156.91703216117426	221.86512663909335
pegRNA_82	p.R413L	226.08614688876136	160.50951154090103	175.5678217404026	172.8527195738863	146.14821622854464	137.24679926976472
pegRNA_83	p.R413L	28.644398700838543	13.455887195045594	14.987496977839246	36.945619450906996	42.30606259247345	24.76633971785228
pegRNA_84	p.R413L	65.47291131620239	87.46326676779637	113.47676283221143	126.67069526025256	79.99691835667707	71.2032266888253
pegRNA_85	p.R413L	102.30142393156623	107.64709756036476	117.75890482587978	182.08912443661305	131.53339460569018	162.013138987617
pegRNA_86	p.L237V	111.50855208540719	66.31830117558187	96.348194857538	85.76661658246267	117.68777412088069	116.60818283822115
pegRNA_87	p.L237V	59.334825880308415	52.86241398053627	80.29016238128168	81.80815735557978	88.45813087517176	58.820056829899166
pegRNA_88	p.L237V	235.29327504260232	184.53788153205386	326.51332701721213	237.50755361297354	289.98882904295436	270.36587525322074
pegRNA_89	p.L237V	10.230142393156623	7.689078397168911	18.199103473090513	6.597432044804821	4.615206828269831	9.287377394194605
pegRNA_90	p.L237V	61.380854358939736	27.872909189737303	52.456239422437356	73.89123890181399	53.84407966314803	57.78812600832198
pegRNA_91	p.H311R	708.948867845754	694.9004601441403	662.6614735201781	746.8293074719057	635.3601400251467	664.5634490957028
pegRNA_92	p.H311R	174.93543492297826	120.14184995576424	183.0615702293222	98.96148067207231	174.6086583362086	146.53417666395933
pegRNA_93	p.H311R	161.63624981187465	103.8025583617803	141.31068579105573	72.57175249285302	93.0733377034416	154.78962323657674
pegRNA_94	p.H311R	46.035640769204804	42.289931184429015	53.52677492085445	46.18202431363375	47.69047055878825	75.33094997513402
pegRNA_95	p.H311R	4.092056957262649	19.22269599292228	13.916961479422156	7.916918453765785	1.5384022760899436	18.57475478838921
pegRNA_96	p.G603V	66.49592555551804	88.42440156744249	70.65534289552787	50.14048354051664	59.9976887675078	90.80991229879169
pegRNA_97	p.G603V	26.59837022220722	20.183830792568394	38.5392779430152	29.02870099714121	27.691240969618985	39.213371219932775
pegRNA_98	p.G603V	18.41425630768192	20.183830792568394	13.916961479422156	1.3194864089609641	26.15283869352904	26.830201361006637
pegRNA_99	p.G603V	117.64663752130116	134.55887195045594	187.34371222299058	142.50453216778413	183.06987085470328	126.92749105399294
pegRNA_100	p.G603V	40.92056957262649	44.212200783721244	39.609813441432294	10.555891271687713	23.076034141349155	58.820056829899166
pegRNA_101	p.E192K	159.5902213332433	182.61561193276165	173.42675074356842	158.3383690753157	156.14783102312927	232.18443485486512
pegRNA_102	p.E192K	108.4395093674602	114.37504115788755	104.91247884487471	159.65785548427667	133.07179688178013	106.28887462244937
pegRNA_103	p.E192K	213.80997601697342	195.11036432816113	162.72139575939752	137.22658653194026	166.1474458177139	210.5138876017444
pegRNA_104	p.E192K	82.86415338456864	56.706953179120724	82.43123337811585	98.96148067207231	102.30375135998125	90.80991229879169
pegRNA_105	p.E192K	86.9562103418313	61.51262717735129	77.0785558860304	88.4055894003846	91.53493542735164	119.70397530295268
pegRNA_106	p.L281M	39.89755533331083	37.48425718619844	47.103561930351916	50.14048354051664	45.38286714465334	57.78812600832198
pegRNA_107	p.L281M	112.53156632472285	122.06411955505646	99.55980135278928	104.23942630791616	75.38171152840724	126.92749105399294
pegRNA_108	p.L281M	12.276170871787947	6.727943597522797	5.352677492085444	43.543051495711815	13.845620484809492	14.447031502080495
pegRNA_109	p.L281M	119.69266599993249	148.01475914550156	133.81693730213613	120.07326321544774	106.91895818825108	117.64011365979833
pegRNA_110	p.L281M	43.989612290573476	53.82354878018238	39.609813441432294	56.73791558532146	62.30529218164272	23.734408896275102
pegRNA_111	p.W252C	59.334825880308415	78.81305357098134	68.51427189869369	114.79531757960387	55.38248193923797	78.42674243986555
pegRNA_112	p.W252C	98.20936697430358	97.0746147642575	88.85444636861838	133.2681273050574	111.53416501652092	114.54432119506679
pegRNA_113	p.W252C	229.15518960670835	179.7322075338233	177.70889273723677	193.96450211726173	189.22347995906307	188.84334034862363
pegRNA_114	p.W252C	642.4529422902359	671.8332249526336	566.3132786626401	599.0468296682777	511.51875679990627	438.5705991703008
pegRNA_115	p.W252C	9.20712815384096	10.572482796107254	3.211606495251267	3.9584592268828924	9.999614794584634	3.095792464731535
pegRNA_116	p.V568F	97.18635273498792	90.34667116673471	90.99551736545256	100.28096708103328	90.76573428930668	60.88391847305352
pegRNA_117	p.V568F	21.48329902562891	38.44539198584456	19.2696389715076	48.82099713155567	34.61405121202373	29.92599382573817
pegRNA_118	p.V568F	10.230142393156623	12.49475239539948	10.705354984170889	17.153323316492532	13.845620484809492	29.92599382573817
pegRNA_119	p.V568F	61.380854358939736	72.08510997345854	54.59731041927154	67.29380685700917	61.53609104359774	66.04357258093941
pegRNA_120	p.V568F	105.37046664951322	122.06411955505646	112.40622733379433	201.88142057102752	163.83984240357898	166.1408622739257
pegRNA_121	p.R71L	43.989612290573476	74.96851437239688	48.174097428769	47.50151072259471	44.61366600660836	56.756195186744804
pegRNA_122	p.R71L	1127.3616917258598	1143.7504115788756	1094.0872793822648	630.7145034833409	764.585931216702	671.7869648467431
pegRNA_123	p.R71L	106.39348088882888	113.41390635824145	117.75890482587978	112.15634476168195	80.76611949472203	112.48045955191243
pegRNA_124	p.R71L	1169.305275537802	1245.6307003413635	1215.057790703396	647.8678267998334	761.5091266645221	740.9263298924141
pegRNA_125	p.R71L	419.43583811942153	498.82896101633315	388.6043859254033	449.9448654556888	435.36784413345407	411.74039780929417
pegRNA_126	p.R234W	356.0089552818505	316.2133490835715	357.5588564713077	405.08232755101596	350.75571894850714	479.84783203338793
pegRNA_127	p.R234W	192.3266769913445	173.96539873594662	173.42675074356842	288.96752356245116	217.68392206672704	213.6096800664759
pegRNA_128	p.R234W	118.66965176061683	112.45277155859533	69.58480739711078	39.58459226882893	63.84369445773266	69.13936504567094
pegRNA_129	p.R234W	91.04826729909394	125.90865875364092	78.14909138444749	56.73791558532146	139.2254059861399	120.73590612452986
pegRNA_130	p.R234W	15.345213589734934	12.49475239539948	12.846425981005067	27.709214588180245	27.691240969618985	18.57475478838921
pegRNA_131	p.N414I	236.316289281918	200.8771731260378	291.1856555694482	382.6510585986796	207.68430727214238	247.66339717852279
pegRNA_132	p.N414I	278.25987309386016	240.2836999115285	309.3847590425387	257.299849747388	244.60596189830105	232.18443485486512
pegRNA_133	p.N414I	328.3875708203276	330.6303710782632	418.57937988108176	440.708460592962	244.60596189830105	275.52552936110663
pegRNA_134	p.N414I	154.475150136665	153.78156794337823	163.7919312578146	287.6480371534902	167.68584809380386	172.33244720338877
pegRNA_135	p.N414I	154.475150136665	169.15972473771606	157.36871826731206	233.54909438609064	114.6109695687008	92.87377394194604
pegRNA_136	p.V369L	17.39124206836626	35.56198758690621	43.89195543510065	19.792296134414464	1.5384022760899436	58.820056829899166
pegRNA_137	p.V369L	11.253156632472285	10.572482796107254	9.6348194857538	18.472809725453498	19.999229589169268	7.223515751040248
pegRNA_138	p.V369L	11.253156632472285	6.727943597522797	13.916961479422156	13.194864089609641	18.460827313079324	15.478962323657674
pegRNA_139	p.V369L	7.161099675209636	9.61134799646114	16.058032476256333	0.0	8.46121251849469	2.0638616431543566
pegRNA_140	p.V369L	10.230142393156623	13.455887195045594	17.128567974673423	29.02870099714121	10.768815932629606	10.319308215771784
pegRNA_141	p.H274R	35.80549837604818	37.48425718619844	28.904458457261402	46.18202431363375	50.76727511096814	34.05371711204688
pegRNA_142	p.H274R	20.460284786313245	14.417021994691709	11.775890482587979	15.83383690753157	18.460827313079324	12.38316985892614
pegRNA_143	p.H274R	128.89979415377346	170.12085953736215	184.1321057277393	168.8942603470034	157.68623329921923	119.70397530295268
pegRNA_144	p.H274R	16.368227829050596	10.572482796107254	9.6348194857538	21.111782543375426	21.53763186525921	22.702478074697922
pegRNA_145	p.H274R	27.62138446152288	44.212200783721244	29.974993955678492	18.472809725453498	31.537246659843845	18.57475478838921
pegRNA_146	p.G524C	1276.7217706659465	1320.5992147137606	1185.0827967477176	1264.0679797846037	1229.1834185958649	1144.4112811290906
pegRNA_147	p.G524C	4283.360620014678	4642.28108229073	3917.0893887081284	2570.359524655958	2816.814567520687	2914.1726401339515
pegRNA_148	p.G524C	5.115071196578311	4.80567399823057	5.352677492085444	21.111782543375426	11.538017070674577	12.38316985892614
pegRNA_149	p.G524C	2643.4687943916715	2937.2279477185243	2476.1486078387265	1646.7190383832833	2000.6921600549717	2053.5423349385846
pegRNA_150	p.G524C	3428.1207159467845	3783.9877062067503	3473.8876923634534	2394.86783226415	2410.6763666329416	2613.8807710549927
pegRNA_151	p.G378C	3.069042717946987	1.9222695992922278	1.070535498417089	5.277945635843857	9.230413656539662	4.127723286308713
pegRNA_152	p.G378C	40.92056957262649	68.24057077487409	56.73838141610572	27.709214588180245	25.38363755548407	68.10743422409377
pegRNA_153	p.G378C	22.50631326494457	11.533617595753366	19.2696389715076	19.792296134414464	14.614821622854464	46.43688697097302
pegRNA_154	p.G378C	32.73645565810119	37.48425718619844	57.808916914522804	113.47583117064292	66.92049900991255	68.10743422409377
pegRNA_155	p.G378C	11.253156632472285	20.183830792568394	9.6348194857538	7.916918453765785	38.46005690224859	11.351239037348961
pegRNA_156	p.C171F	925.8278865806743	919.806003261331	851.0757212415857	579.2545335338633	563.8244341869644	704.8087511372128
pegRNA_157	p.C171F	1182.6044606489056	1123.5665807863072	1040.5605044614103	732.3149569733351	698.4346333448344	814.1934182243937
pegRNA_158	p.C171F	957.5413279994599	956.3291256478833	1004.1622975152294	566.0596694442536	643.8213525436414	739.8943990708368
pegRNA_159	p.C171F	253.70753135028423	252.77845230692796	280.4803005852773	166.25528752908147	285.37362221468453	213.6096800664759
pegRNA_160	p.C171F	1.0230142393156623	0.9611347996461139	5.352677492085444	21.111782543375426	7.692011380449718	6.19158492946307
pegRNA_161	p.A510V	73.65702523072768	63.43489677664352	55.667845917688624	62.015861221165316	89.9965331512617	51.59654107885891
pegRNA_162	p.A510V	111.50855208540719	117.2584455568259	94.20712386070383	139.8655593498622	133.07179688178013	166.1408622739257
pegRNA_163	p.A510V	93.09429577772526	58.62922277841295	65.30266540344243	146.46299139466703	138.45620484809493	122.79976776768422
pegRNA_164	p.A510V	42.96659805125782	15.378156794337823	26.763387460427225	34.306646632985064	35.3832523500687	28.89406300416099
pegRNA_165	p.A510V	20.460284786313245	15.378156794337823	19.2696389715076	34.306646632985064	24.614436417439098	55.72426436516763
pegRNA_166	p.G558R	238.3623177605493	303.718596688172	301.8910105536191	347.0249255567336	343.8329087061024	251.7911204648315
pegRNA_167	p.G558R	221.9940899314987	189.34355553028445	193.7669252134931	287.6480371534902	301.52684611362895	248.69532800009998
pegRNA_168	p.G558R	52.173726205098774	19.22269599292228	40.68034893984938	114.79531757960387	54.613280801193	52.6284719004361
pegRNA_169	p.G558R	26.59837022220722	27.872909189737303	50.31516842560318	54.09894276739953	14.614821622854464	29.92599382573817
pegRNA_170	p.G558R	52.173726205098774	74.96851437239688	64.23212990502533	102.9199398989552	101.53455022193629	97.00149722825476
pegRNA_171	p.S102L	89.00223882046262	74.96851437239688	76.00802038761331	134.58761371401835	119.22617639697063	111.44852873033525
pegRNA_172	p.S102L	243.47738895712763	285.4570354948958	229.09459666125704	287.6480371534902	293.0656335951343	254.88691292956304
pegRNA_173	p.S102L	49.10468348715179	52.86241398053627	52.456239422437356	48.82099713155567	63.07449331968769	59.85198765147634
pegRNA_174	p.S102L	4.092056957262649	3.8445391985844557	2.141070996834178	13.194864089609641	9.999614794584634	13.415100680503318
pegRNA_175	p.S102L	394.88349637584565	454.6167602326119	412.15616689057924	366.817221691148	289.98882904295436	347.7606868715091
pegRNA_176	p.I416F	39.89755533331083	28.834043989383417	28.904458457261402	17.153323316492532	50.76727511096814	16.510893145234853
pegRNA_177	p.I416F	73.65702523072768	81.69645796991968	55.667845917688624	85.76661658246267	55.38248193923797	60.88391847305352
pegRNA_178	p.I416F	5.115071196578311	0.0	3.211606495251267	0.0	1.5384022760899436	1.0319308215771783
pegRNA_179	p.I416F	17.39124206836626	18.261561193276165	20.34017446992469	23.750755361297355	14.614821622854464	17.54282396681203
pegRNA_180	p.I416F	7.161099675209636	13.455887195045594	21.410709968341777	2.6389728179219283	13.845620484809492	5.159654107885892
pegRNA_181	p.M161I	46.035640769204804	50.94014438124404	41.75088443826647	64.65483403908725	70.7665047001374	51.59654107885891
pegRNA_182	p.M161I	89.00223882046262	97.0746147642575	126.32318881321649	114.79531757960387	126.14898663937538	82.55446572617427
pegRNA_183	p.M161I	75.70305370935901	68.24057077487409	68.51427189869369	121.39274962440871	81.53532063276701	80.4906040830199
pegRNA_184	p.M161I	52.173726205098774	68.24057077487409	49.24463292718609	125.35120885129159	109.226561602386	76.3628807967112
pegRNA_185	p.M161I	457.287364974101	346.9696626722471	397.16866991274	211.11782543375426	271.52800172987503	291.0044916847643
pegRNA_186	p.N238K	71.61099675209636	72.08510997345854	87.7839108702013	106.8783991258381	111.53416501652092	92.87377394194604
pegRNA_187	p.N238K	121.73869447856381	114.37504115788755	137.02854379738739	92.3640486272675	150.76342305681447	151.6938307718452
pegRNA_188	p.N238K	54.2197546837301	60.55149237770518	57.808916914522804	47.50151072259471	23.845235279394124	56.756195186744804
pegRNA_189	p.N238K	55.24276892304576	29.79517878902953	43.89195543510065	68.61329326597013	41.536861454428475	44.37302532781867
pegRNA_190	p.N238K	74.68003947004334	74.96851437239688	111.33569183537725	104.23942630791616	107.68815932629606	104.225012979295
pegRNA_191	p.P278L	8.184113914525298	10.572482796107254	8.564283987336712	14.514350498570606	13.845620484809492	20.638616431543568
pegRNA_192	p.P278L	20.460284786313245	19.22269599292228	29.974993955678492	9.236404862726749	13.07641934676452	25.798270539429456
pegRNA_193	p.P278L	37.851526854679506	51.90127918089015	44.962490933517735	75.21072531077496	37.69085576420362	48.50074861412738
pegRNA_194	p.P278L	33.75946989741686	30.756313588675646	29.974993955678492	40.90407867778989	53.84407966314803	38.1814403983556
pegRNA_195	p.P278L	279.2828873331758	313.3299446846331	299.7499395567849	323.2741701954362	162.30144012748906	391.10178137775057
pegRNA_196	p.P361L	30.690427179469868	24.028369991152847	24.622316463593044	36.945619450906996	26.922039831574015	15.478962323657674
pegRNA_197	p.P361L	9.20712815384096	16.339291593983937	19.2696389715076	7.916918453765785	5.384407966314803	23.734408896275102
pegRNA_198	p.P361L	13.29918511110361	1.9222695992922278	8.564283987336712	6.597432044804821	3.0768045521798872	7.223515751040248
pegRNA_199	p.P361L	32.73645565810119	28.834043989383417	19.2696389715076	23.750755361297355	26.922039831574015	14.447031502080495
pegRNA_200	p.P361L	5.115071196578311	6.727943597522797	9.6348194857538	1.3194864089609641	6.1536091043597745	7.223515751040248
pegRNA_201	p.Q163L	103.32443817088189	129.75319795222538	101.70087234962345	139.8655593498622	128.4565900535103	123.83169858926139
pegRNA_202	p.Q163L	52.173726205098774	60.55149237770518	49.24463292718609	79.16918453765786	69.22810242404746	74.29901915355684
pegRNA_203	p.Q163L	118.66965176061683	123.9863891543487	115.61783382904561	138.54607294090124	116.14937184479075	139.31066091291908
pegRNA_204	p.Q163L	53.19674044441444	52.86241398053627	38.5392779430152	47.50151072259471	69.22810242404746	44.37302532781867
pegRNA_205	p.Q163L	94.11731001704092	104.76369316142642	138.09907929580447	97.64199426311134	129.99499232960022	79.45867326144273
pegRNA_206	p.R240L	74.68003947004334	64.39603157628963	86.71337537178421	51.4599699494776	89.9965331512617	105.2569438008722
pegRNA_207	p.R240L	57.28879740167709	38.44539198584456	64.23212990502533	21.111782543375426	35.3832523500687	46.43688697097302
pegRNA_208	p.R240L	58.31181164099275	35.56198758690621	37.468742444598114	127.99018166921353	59.228487629462826	61.915849294630696
pegRNA_209	p.R240L	1.0230142393156623	0.0	0.0	0.0	0.0	0.0
pegRNA_210	p.R240L	73.65702523072768	59.59035757805906	77.0785558860304	80.48867094661881	71.53570583818238	82.55446572617427
pegRNA_211	p.R71W	70.5879825127807	62.4737619769974	59.949987911356985	84.4471301735017	59.9976887675078	65.01164175936223
pegRNA_212	p.R71W	41.943583811942155	40.36766158513679	38.5392779430152	58.05740199428242	45.38286714465334	37.14950957677842
pegRNA_213	p.R71W	120.71568023924814	95.15234516496528	105.9830143432918	116.11480398856484	59.9976887675078	128.99135269714728
pegRNA_214	p.R71W	1091.5561933498116	1022.6474268234653	1031.9962204740737	508.0022674499712	547.6712102880199	647.0206251288907
pegRNA_215	p.R71W	477.7476497604143	449.8110862343813	425.00259287158434	370.7756809180309	464.597487379163	421.0277752034888
pegRNA_216	p.S224F	216.8790187349204	267.1954743016197	220.53031267392032	215.07628466063716	213.0687152384572	205.3542334938585
pegRNA_217	p.S224F	286.4439870083854	314.29107948427924	283.69190708052855	312.7182789237485	256.1439789689756	232.18443485486512
pegRNA_218	p.S224F	46.035640769204804	56.706953179120724	44.962490933517735	55.41842917636049	11.538017070674577	23.734408896275102
pegRNA_219	p.S224F	206.64887634176378	158.5872419416088	147.73389878155828	130.62915448713545	149.9942219187695	165.10893145234854
pegRNA_220	p.S224F	92.07128153840961	129.75319795222538	79.21962688286459	96.32250785415039	86.15052746103684	59.85198765147634
pegRNA_221	p.S45F	80.81812490593732	92.26894076602693	43.89195543510065	48.82099713155567	55.38248193923797	67.07550340251659
pegRNA_222	p.S45F	60.35784011962407	42.289931184429015	70.65534289552787	110.83685835272098	75.38171152840724	82.55446572617427
pegRNA_223	p.S45F	66.49592555551804	43.251065984075126	67.4437364002766	55.41842917636049	78.45851608058713	62.94778011620787
pegRNA_224	p.S45F	234.27026080328665	190.30469032993057	232.3062031565083	373.41465373595287	313.8340643223485	360.14385673043523
pegRNA_225	p.S45F	41.943583811942155	49.01787478195181	35.32767144776393	39.58459226882893	33.075648935933785	51.59654107885891
pegRNA_226	p.W252L	67.51893979483371	67.27943597522797	48.174097428769	100.28096708103328	66.15129787186757	67.07550340251659
pegRNA_227	p.W252L	215.85600449560474	176.84880313488497	168.07407325148296	212.43731184271522	186.91587654492815	201.22651020754978
pegRNA_228	p.W252L	182.09653459818787	190.30469032993057	158.43925376572918	180.7696380276521	224.60673230913176	232.18443485486512
pegRNA_229	p.W252L	593.3482588030841	620.8930805713896	573.8070271515596	426.1941100943914	473.8279010357026	539.6998196848642
pegRNA_230	p.W252L	11.253156632472285	7.689078397168911	31.04552945409558	27.709214588180245	19.230028451124294	9.287377394194605
pegRNA_231	p.W403C	558.5657746663516	502.67350021491757	499.9400777607805	579.2545335338633	449.2134646182635	434.4428758839921
pegRNA_232	p.W403C	22.50631326494457	16.339291593983937	19.2696389715076	1.3194864089609641	10.768815932629606	7.223515751040248
pegRNA_233	p.W403C	7.161099675209636	7.689078397168911	4.282141993668356	59.376888403243385	17.69162617503435	9.287377394194605
pegRNA_234	p.W403C	12.276170871787947	9.61134799646114	10.705354984170889	31.66767381506314	26.922039831574015	26.830201361006637
pegRNA_235	p.W403C	94.11731001704092	59.59035757805906	109.19462083854307	117.43429039752581	147.6866185046346	107.32080544402655
pegRNA_236	p.W450L	223.01710417081438	239.32256511188237	223.74191916917158	335.1495478760849	225.37593344717675	191.93913281335517
pegRNA_237	p.W450L	21.48329902562891	14.417021994691709	21.410709968341777	10.555891271687713	23.076034141349155	22.702478074697922
pegRNA_238	p.W450L	191.30366275202886	270.078878700558	215.1776351818349	228.2711487502468	200.76149702973765	239.40795060590537
pegRNA_239	p.W450L	699.741739691913	729.5013129314004	715.1177129426154	509.32175385893214	561.5168307728294	495.32679435704557
pegRNA_240	p.W450L	301.7892005981204	300.83519228923365	305.10261704887034	304.80136046998274	277.68161083423485	304.4195923652676
pegRNA_241	p.Y300C	53.19674044441444	58.62922277841295	41.75088443826647	84.4471301735017	69.99730356209244	93.90570476352323
pegRNA_242	p.Y300C	21.48329902562891	44.212200783721244	42.821419936683554	54.09894276739953	54.613280801193	82.55446572617427
pegRNA_243	p.Y300C	445.0111941023131	432.51065984075126	453.90705132884574	368.136708100109	378.44695991812614	492.23100189231405
pegRNA_244	p.Y300C	193.34969123066017	161.47064634054715	180.92049923248803	182.08912443661305	167.68584809380386	203.29037185070413
pegRNA_245	p.Y300C	50.12769772646745	43.251065984075126	44.962490933517735	29.02870099714121	86.15052746103684	73.26708833197966
pegRNA_246	p.Y572C	98.20936697430358	101.88028876248808	78.14909138444749	130.62915448713545	94.61173997953154	137.24679926976472
pegRNA_247	p.Y572C	229.15518960670835	287.37930509418806	235.51780965175956	411.6797595958208	259.2207835211555	235.28022731959666
pegRNA_248	p.Y572C	225.0631326494457	247.01164350905128	189.48478321982475	215.07628466063716	217.68392206672704	144.47031502080497
pegRNA_249	p.Y572C	1757.5384631443078	1675.2579557831766	1552.276472704779	1283.860275919018	1260.7206652557088	1136.1558345564733
pegRNA_250	p.Y572C	102.30142393156623	96.11347996461139	110.26515633696016	114.79531757960387	130.7641934676452	113.51239037348961
pegRNA_251	p.R260L	32.73645565810119	41.3287963847829	41.75088443826647	46.18202431363375	39.998459178338535	51.59654107885891
pegRNA_252	p.R260L	59.334825880308415	61.51262717735129	83.50176887653294	77.84969812869689	73.8433092523173	66.04357258093941
pegRNA_253	p.R260L	41.943583811942155	43.251065984075126	40.68034893984938	60.696374812204354	60.76688990555277	53.66040272201327
pegRNA_254	p.R260L	51.15071196578312	32.678583187967874	32.116064952512666	19.792296134414464	28.460442107663958	34.05371711204688
pegRNA_255	p.R260L	3.069042717946987	0.0	1.070535498417089	1.3194864089609641	1.5384022760899436	4.127723286308713
pegRNA_256	p.A184G	138.1069223076144	145.1313547465632	143.4517567878899	133.2681273050574	57.690085353372886	68.10743422409377
pegRNA_257	p.A184G	72.63401099141203	73.04624477310466	68.51427189869369	170.21374675596437	113.07256729261086	111.44852873033525
pegRNA_258	p.A184G	41.943583811942155	53.82354878018238	59.949987911356985	71.25226608389207	61.53609104359774	69.13936504567094
pegRNA_259	p.A184G	258.8226025468625	209.52738632285283	184.1321057277393	187.3670700724569	136.91780257200497	160.9812081660398
pegRNA_260	p.A184G	39.89755533331083	28.834043989383417	39.609813441432294	59.376888403243385	49.998073972923166	85.6502581909058
pegRNA_261	p.R415H	206.64887634176378	240.2836999115285	234.44727415334248	249.38293129362222	205.37670385800746	151.6938307718452
pegRNA_262	p.R415H	265.98370222207217	165.3151855391316	257.9990551185184	398.48489550621116	266.14359376356026	205.3542334938585
pegRNA_263	p.R415H	139.12993654693008	89.38553636708859	104.91247884487471	207.15936620687137	109.226561602386	153.75769241499955
pegRNA_264	p.R415H	33.75946989741686	47.09560518265958	86.71337537178421	50.14048354051664	64.61289559577763	30.957924647315348
pegRNA_265	p.R415H	28.644398700838543	77.85191877133522	51.38570392402027	87.08610299142363	69.99730356209244	40.24530204150995
pegRNA_266	p.R536C	23.52932750426023	24.028369991152847	23.551780965175958	63.33534763012628	39.998459178338535	34.05371711204688
pegRNA_267	p.R536C	43.989612290573476	48.05673998230569	34.257135949346846	76.53021171973592	59.9976887675078	48.50074861412738
pegRNA_268	p.R536C	99.23238121361923	83.61872756921191	113.47676283221143	109.51737194376003	157.68623329921923	99.06535887140912
pegRNA_269	p.S508R	393.86048213653	404.63775065101396	328.6543980140463	519.8776451306198	367.67814398549655	563.4342285811393
pegRNA_270	p.S508R	564.7038601022456	508.4403090127943	449.62490933517734	538.3504548560734	462.2898839650281	521.125064896475
pegRNA_271	p.S508R	295.6511151622264	292.18497909241864	252.64637762643298	405.08232755101596	324.6028802549781	325.0582087968112
pegRNA_272	p.S508R	457.287364974101	433.4717946403974	350.0651079823881	364.1782488732261	358.4477303289569	412.7723286308713
pegRNA_273	p.S508R	169.82036372639993	135.52000675010206	137.02854379738739	435.4305149571182	282.2968176625047	232.18443485486512
pegRNA_274	p.G480R	258.8226025468625	317.1744838832176	220.53031267392032	228.2711487502468	266.9127949016052	178.52403213285186
pegRNA_275	p.G480R	484.9087494356239	525.7407354064243	416.4383088842476	287.6480371534902	401.5229940594753	328.1540012615427
pegRNA_276	p.G480R	166.75132100845295	145.1313547465632	164.8624667562317	160.97734189323762	144.6098139524547	280.6851834689925
pegRNA_277	p.G480R	28.644398700838543	22.106100391860622	22.481245466758867	31.66767381506314	27.691240969618985	39.213371219932775
pegRNA_278	p.G480R	261.89164526480954	347.93079747189324	228.02406116283996	255.98036333842705	283.0660188005496	279.65325264741534
pegRNA_279	p.H210P	10.230142393156623	16.339291593983937	5.352677492085444	14.514350498570606	14.614821622854464	14.447031502080495
pegRNA_280	p.H210P	11.253156632472285	12.49475239539948	10.705354984170889	9.236404862726749	16.92242503698938	12.38316985892614
pegRNA_281	p.H210P	15.345213589734934	21.144965592214508	12.846425981005067	43.543051495711815	30.76804552179887	30.957924647315348
pegRNA_282	p.H210P	6.138085435893974	0.9611347996461139	0.0	13.194864089609641	6.1536091043597745	4.127723286308713
pegRNA_283	p.H210P	12.276170871787947	17.30042639363005	8.564283987336712	51.4599699494776	28.460442107663958	28.89406300416099
pegRNA_284	p.M550K	162.6592640511903	161.47064634054715	199.11960270557856	187.3670700724569	290.75803018099936	236.31215814117382
pegRNA_285	p.M550K	79.79511066662165	45.173335583367354	65.30266540344243	89.72507580934555	102.30375135998125	81.52253490459708
pegRNA_286	p.M550K	81.84113914525298	37.48425718619844	66.37320090185952	153.06042343947183	129.22579119155526	94.93763558510041
pegRNA_287	p.M550K	169.82036372639993	96.11347996461139	205.54281569608108	166.25528752908147	204.6075027199625	179.55596295442902
pegRNA_288	p.M550K	150.38309317940235	112.45277155859533	179.84996373407094	184.728097254535	194.60788792537787	206.38616431543565
pegRNA_289	p.V465L	48.081669247836125	19.22269599292228	49.24463292718609	84.4471301735017	48.459671696833226	73.26708833197966
pegRNA_290	p.V465L	77.74908218799033	56.706953179120724	72.79641389236205	71.25226608389207	62.30529218164272	83.58639654775145
pegRNA_291	p.V465L	85.93319610251564	74.96851437239688	100.63033685120637	153.06042343947183	110.76496387847594	97.00149722825476
pegRNA_292	p.V465L	43.989612290573476	40.36766158513679	74.93748488919623	72.57175249285302	66.15129787186757	70.17129586724812
pegRNA_293	p.V465L	19.43727054699758	5.766808797876683	9.6348194857538	14.514350498570606	17.69162617503435	16.510893145234853
pegRNA_294	p.Glu79Gln	41.943583811942155	30.756313588675646	29.974993955678492	89.72507580934555	83.84292404690193	45.404956149395844
pegRNA_295	p.Glu79Gln	45.01262652988914	56.706953179120724	61.02052340977407	102.9199398989552	93.84253884148656	74.29901915355684
pegRNA_296	p.Glu79Gln	126.85376567514211	167.23745513842383	128.46425981005066	166.25528752908147	177.68546288838849	152.7257615934224
pegRNA_297	p.Glu79Gln	99.23238121361923	123.02525435470258	77.0785558860304	98.96148067207231	120.76457867306057	148.59803830711368
pegRNA_298	p.Glu79Gln	100.2553954529349	112.45277155859533	108.12408534012599	150.42145062154992	127.68738891546532	101.12922051456347
pegRNA_299	p.Arg34Gly	918.6667869054647	1145.6726811781677	746.163242396711	1262.7484933756427	1083.8044035053654	965.8872489962389
pegRNA_300	p.Arg34Gly	1489.5087324436042	2038.5669100494076	1327.4640180371903	1946.242453217422	1992.230947536477	1390.010816664459
pegRNA_301	p.Arg34Gly	1179.5354179309586	1681.9858993806993	1124.0622733379435	1384.1412430000514	1565.3243159215176	1159.8902434527483
pegRNA_302	p.Arg34Gly	1487.462703964973	1932.842082088335	1452.7166713519898	1818.2522715482087	1906.849621213485	1442.6392885648952
pegRNA_303	p.Arg34Gly	1165.2132185805394	1513.7873094426295	1111.2158473569384	1311.5694905071985	1579.1699364063272	1218.7103002826475
pegRNA_304	p.Gly31Glu	1719.6869362896282	2306.7235191506734	1782.4416048644532	1568.8693402545864	2123.764342142167	1730.547987784928
pegRNA_305	p.Gly31Glu	2034.7753219988522	2759.418009783993	2063.9924409481473	2185.0694932393567	2366.0627006263335	1962.7324226397932
pegRNA_306	p.Gly31Glu	1844.4946734861392	2507.600692276711	1679.6701970164127	1943.6034803995	2219.145283259744	1725.388333677042
pegRNA_307	p.Gly31Glu	2068.5347918962693	2468.1941654912207	1951.5862136143533	1625.6072558399078	1929.9256553548344	2133.0010082000276
pegRNA_308	p.Gly31Glu	1275.6987564266308	1703.130864972914	1255.7381396432454	1649.3580112012053	1813.7762835100436	1461.2140433532845
pegRNA_309	p.Glu82Asp	516.6221908544095	625.6987545696202	442.1311608462577	415.6382188227037	432.29103958127416	497.39065600019995
pegRNA_310	p.Glu82Asp	258.8226025468625	353.69760626976995	216.24817068025197	226.95166234128584	221.52992775695188	202.25844102912694
pegRNA_311	p.Glu82Asp	359.07799799979745	412.3268290481829	325.44279151879505	215.07628466063716	271.52800172987503	197.09878692124104
pegRNA_312	p.Glu82Asp	90.02525305977828	170.12085953736215	109.19462083854307	179.4501516186911	137.68700371004996	93.90570476352323
pegRNA_313	p.Glu82Asp	61.380854358939736	79.77418837062746	54.59731041927154	50.14048354051664	93.84253884148656	24.76633971785228
pegRNA_314	S45S	60.35784011962407	43.251065984075126	56.73838141610572	65.9743204480482	49.998073972923166	22.702478074697922
pegRNA_315	S45S	43.989612290573476	64.39603157628963	50.31516842560318	44.86253790467278	11.538017070674577	18.57475478838921
pegRNA_316	R71R	712.017910563701	771.7912441158295	764.3623458698015	614.8806665758093	485.3659181063772	470.5604546391933
pegRNA_317	R71R	98.20936697430358	95.15234516496528	95.27765935912092	163.61631471115956	70.7665047001374	95.96956640667759
pegRNA_318	S102S	114.57759480335417	108.60823236001087	174.4972862419855	60.696374812204354	191.531083373198	136.21486844818753
pegRNA_319	S102S	890.0223882046262	909.2335204652238	892.8266056798522	827.3179784185245	662.2821798567207	619.158492946307
pegRNA_320	V155V	105.37046664951322	103.8025583617803	88.85444636861838	79.16918453765786	93.84253884148656	76.3628807967112
pegRNA_321	V155V	42.96659805125782	49.01787478195181	38.5392779430152	29.02870099714121	33.075648935933785	50.564610257281736
pegRNA_322	Q163Q	167.77433524776862	155.70383754267044	190.55531871824184	158.3383690753157	180.76226744056837	135.18293762661037
pegRNA_323	Q163Q	115.60060904266983	128.79206315257926	101.70087234962345	172.8527195738863	119.22617639697063	103.19308215771782
pegRNA_324	C171C	719.1790102389106	773.7135137151217	654.0971895328413	497.44637617828346	463.828286241118	504.6141717512402
pegRNA_325	C171C	2.0460284786313245	3.8445391985844557	5.352677492085444	6.597432044804821	5.384407966314803	8.255446572617426
pegRNA_326	A184A	372.37718311090106	361.38668466693883	404.66241840165964	283.6895779266073	299.988443837539	425.1554984897975
pegRNA_327	A184A	83.88716762388431	75.929649172043	62.09105890819116	98.96148067207231	120.76457867306057	124.86362941083857
pegRNA_328	G186G	277.2368588545445	202.79944272533004	194.83746071191018	319.31571096855333	212.2995141004122	295.132214971073
pegRNA_329	G186G	54.2197546837301	55.745818379474606	74.93748488919623	121.39274962440871	59.228487629462826	104.225012979295
pegRNA_330	E192E	74.68003947004334	114.37504115788755	126.32318881321649	114.79531757960387	47.69047055878825	148.59803830711368
pegRNA_331	E192E	92.07128153840961	73.04624477310466	69.58480739711078	108.19788553479906	83.84292404690193	94.93763558510041
pegRNA_332	H210H	155.49816437598065	174.92653353559274	120.97051132113106	255.98036333842705	291.5272313190443	289.9725608631871
pegRNA_333	H210H	16.368227829050596	33.639717987613984	9.6348194857538	6.597432044804821	25.38363755548407	19.606685609966387
pegRNA_334	S224S	47.05865500852046	71.12397517381243	86.71337537178421	50.14048354051664	55.38248193923797	37.14950957677842
pegRNA_335	S224S	300.7661863588047	298.9129226899414	286.9035135757798	277.0921458818025	273.066404005965	270.36587525322074
pegRNA_336	R234R	111.50855208540719	124.9475239539948	108.12408534012599	145.14350498570604	112.30336615456588	106.28887462244937
pegRNA_337	R234R	196.41873394860716	222.98327351789843	179.84996373407094	262.5777953832319	178.45466402643345	148.59803830711368
pegRNA_338	L237L	71.61099675209636	59.59035757805906	73.86694939077914	67.29380685700917	79.99691835667707	75.33094997513402
pegRNA_339	L237L	18.41425630768192	22.106100391860622	35.32767144776393	15.83383690753157	39.998459178338535	33.021786290469706
pegRNA_340	N238N	128.89979415377346	74.96851437239688	113.47676283221143	81.80815735557978	127.68738891546532	116.60818283822115
pegRNA_341	N238N	123.78472295719513	99.95801916319584	168.07407325148296	180.7696380276521	151.53262419485944	131.05521434030163
pegRNA_342	R240R	51.15071196578312	41.3287963847829	61.02052340977407	17.153323316492532	61.53609104359774	57.78812600832198
pegRNA_343	R240R	79.79511066662165	37.48425718619844	84.57230437495002	60.696374812204354	50.76727511096814	65.01164175936223
pegRNA_344	R260R	53.19674044441444	58.62922277841295	52.456239422437356	110.83685835272098	78.45851608058713	71.2032266888253
pegRNA_345	R260R	6.138085435893974	9.61134799646114	5.352677492085444	13.194864089609641	6.1536091043597745	4.127723286308713
pegRNA_346	R272R	36.82851261536384	38.44539198584456	55.667845917688624	38.26510585986796	27.691240969618985	42.30916368466431
pegRNA_347	R272R	16.368227829050596	9.61134799646114	11.775890482587979	15.83383690753157	27.691240969618985	11.351239037348961
pegRNA_348	H274H	12.276170871787947	28.834043989383417	28.904458457261402	60.696374812204354	43.84446486856339	30.957924647315348
pegRNA_349	H274H	107.41649512814453	76.89078397168912	131.67586630530195	97.64199426311134	127.68738891546532	113.51239037348961
pegRNA_350	P278P	11.253156632472285	8.650213196815026	6.423212990502534	27.709214588180245	16.92242503698938	15.478962323657674
pegRNA_351	P278P	132.99185111103608	96.11347996461139	167.00353775306587	159.65785548427667	189.22347995906307	105.2569438008722
pegRNA_352	L281L	83.88716762388431	68.24057077487409	53.52677492085445	59.376888403243385	87.68892973712678	47.468817792550205
pegRNA_353	L281L	39.89755533331083	48.05673998230569	50.31516842560318	58.05740199428242	44.61366600660836	63.97971093778506
pegRNA_354	C297C	13.29918511110361	20.183830792568394	13.916961479422156	23.750755361297355	17.69162617503435	11.351239037348961
pegRNA_355	C297C	101.27840969225056	104.76369316142642	97.41873035595509	117.43429039752581	85.38132632299187	108.35273626560372
pegRNA_356	Y300Y	120.71568023924814	124.9475239539948	116.6883693274627	195.28398852622269	187.68507768297312	145.50224584238214
pegRNA_357	Y300Y	85.93319610251564	45.173335583367354	51.38570392402027	39.58459226882893	19.230028451124294	53.66040272201327
pegRNA_358	H311H	142.19897926487707	118.21958035647201	109.19462083854307	77.84969812869689	109.226561602386	145.50224584238214
pegRNA_359	H311H	142.19897926487707	100.91915396284196	156.29818276889497	97.64199426311134	166.9166469557589	170.2685855602344
pegRNA_360	R320R	85.93319610251564	107.64709756036476	93.13658836228674	118.75377680648677	109.99576274043096	70.17129586724812
pegRNA_361	R320R	22.50631326494457	46.134470383013465	54.59731041927154	46.18202431363375	29.229643245708928	40.24530204150995
pegRNA_362	G332G	50.12769772646745	32.678583187967874	37.468742444598114	19.792296134414464	38.46005690224859	25.798270539429456
pegRNA_363	G332G	152.42912165803367	158.5872419416088	123.11158231796523	219.03474388752005	139.2254059861399	246.63146635694562
pegRNA_364	G333G	161.63624981187465	128.79206315257926	117.75890482587978	129.3096680781745	114.6109695687008	189.87527117020082
pegRNA_365	G333G	30.690427179469868	30.756313588675646	34.257135949346846	18.472809725453498	26.922039831574015	28.89406300416099
pegRNA_366	P361P	22.50631326494457	19.22269599292228	28.904458457261402	36.945619450906996	34.61405121202373	35.08564793362406
pegRNA_367	P361P	1.0230142393156623	2.8834043989383416	3.211606495251267	13.194864089609641	1.5384022760899436	1.0319308215771783
pegRNA_368	R362R	24.552341743575894	17.30042639363005	18.199103473090513	42.22356508675085	11.538017070674577	21.670547253120745
pegRNA_369	R362R	0.0	0.9611347996461139	1.070535498417089	0.0	0.0	1.0319308215771783
pegRNA_370	G364G	1.0230142393156623	2.8834043989383416	4.282141993668356	6.597432044804821	5.384407966314803	4.127723286308713
pegRNA_371	G364G	7.161099675209636	4.80567399823057	20.34017446992469	27.709214588180245	22.30683300330418	15.478962323657674
pegRNA_372	V369V	0.0	6.727943597522797	5.352677492085444	0.0	2.3076034141349155	2.0638616431543566
pegRNA_373	V369V	14.322199350419272	16.339291593983937	13.916961479422156	46.18202431363375	16.92242503698938	3.095792464731535
pegRNA_374	G378G	9.20712815384096	2.8834043989383416	7.493748488919623	5.277945635843857	16.153223898944407	11.351239037348961
pegRNA_375	G378G	63.42688283757106	39.40652678549067	67.4437364002766	40.90407867778989	56.920884215327916	46.43688697097302
pegRNA_376	R413R	105.37046664951322	118.21958035647201	150.94550527680954	134.58761371401835	92.30413656539662	160.9812081660398
pegRNA_377	R413R	69.56496827346504	54.784683579828496	84.57230437495002	122.71223603336966	60.76688990555277	58.820056829899166
pegRNA_378	N414N	58.31181164099275	38.44539198584456	58.87945241293989	69.9327796749311	43.07526373051842	38.1814403983556
pegRNA_379	N414N	181.07352035887223	106.68596276071865	123.11158231796523	199.24244775310558	179.22386516447844	113.51239037348961
pegRNA_380	R415R	215.85600449560474	170.12085953736215	172.35621524515133	219.03474388752005	166.9166469557589	104.225012979295
pegRNA_381	R415R	68.54195403414937	64.39603157628963	69.58480739711078	68.61329326597013	57.690085353372886	37.14950957677842
pegRNA_382	I416I	0.0	0.0	0.0	0.0	0.0	0.0
pegRNA_383	I416I	70.5879825127807	64.39603157628963	90.99551736545256	84.4471301735017	63.07449331968769	86.68218901248298
pegRNA_384	G430G	28.644398700838543	15.378156794337823	36.39820694618103	44.86253790467278	36.15245348811367	59.85198765147634
pegRNA_385	G430G	54.2197546837301	57.668087978766835	53.52677492085445	34.306646632985064	58.459286491417856	72.23515751040249
pegRNA_386	G462G	192.3266769913445	135.52000675010206	168.07407325148296	145.14350498570604	151.53262419485944	147.5661074855365
pegRNA_387	G462G	167.77433524776862	173.96539873594662	130.60533080688487	150.42145062154992	138.45620484809493	180.5878937760062
pegRNA_388	V465V	52.173726205098774	26.91177439009119	42.821419936683554	62.015861221165316	46.15206828269831	45.404956149395844
pegRNA_389	V465V	36.82851261536384	28.834043989383417	54.59731041927154	50.14048354051664	66.92049900991255	69.13936504567094
pegRNA_390	G480G	348.84785560664085	418.09363784605955	377.8990309412324	348.3444119656945	402.29219519752024	288.94063004160995
pegRNA_391	G480G	140.15295078624573	120.14184995576424	152.01604077522663	179.4501516186911	99.22694680780137	184.71561706231492
pegRNA_392	S508S	64.44989707688673	86.50213196815025	68.51427189869369	43.543051495711815	50.76727511096814	77.39481161828837
pegRNA_393	S508S	94.11731001704092	71.12397517381243	97.41873035595509	117.43429039752581	100.76534908389131	86.68218901248298
pegRNA_394	A510A	85.93319610251564	55.745818379474606	70.65534289552787	84.4471301735017	79.99691835667707	59.85198765147634
pegRNA_395	A510A	17.39124206836626	9.61134799646114	21.410709968341777	42.22356508675085	21.53763186525921	24.76633971785228
pegRNA_396	G524G	1418.9207499308236	1545.5047578309511	1319.9702695482706	1704.7764403775657	1369.9472268580948	1316.7437283324796
pegRNA_397	G524G	4305.866933279623	4397.191708380971	4106.574171927953	2914.7454773947698	3148.3402580180696	3520.9479632213324
pegRNA_398	R536R	29.667412940154207	24.98950479079896	23.551780965175958	47.50151072259471	43.07526373051842	33.021786290469706
pegRNA_399	R536R	111.50855208540719	139.36454594868653	94.20712386070383	150.42145062154992	129.22579119155526	131.05521434030163
pegRNA_400	G558G	46.035640769204804	29.79517878902953	33.18660045092976	27.709214588180245	34.61405121202373	53.66040272201327
pegRNA_401	G558G	217.90203297423605	259.50639590445076	207.68388669291525	365.4977352821871	233.06794482762646	222.8970574606705
pegRNA_402	V568V	74.68003947004334	59.59035757805906	62.09105890819116	79.16918453765786	86.15052746103684	104.225012979295
pegRNA_403	V568V	896.1604736405202	973.6295520415134	802.9016238128168	721.7590657016474	809.9687983613553	754.3414305729174
pegRNA_404	Y572Y	523.7832905296191	555.5359141954539	537.4088202053787	407.72130036893793	343.8329087061024	389.03791973459624
pegRNA_405	Y572Y	111.50855208540719	140.32568074833264	118.82944032429687	242.78549924881742	126.14898663937538	152.7257615934224
pegRNA_406	R601R	156.52117861529632	160.50951154090103	187.34371222299058	129.3096680781745	189.22347995906307	149.62996912869085
pegRNA_407	R601R	141.1759650255614	107.64709756036476	147.73389878155828	84.4471301735017	129.22579119155526	127.95942187557011
pegRNA_408	G603G	142.19897926487707	111.49163675894921	148.80443427997537	114.79531757960387	155.3786298850843	164.07700063077135
pegRNA_409	G603G	98.20936697430358	132.63660235116373	159.50978926414626	141.18504575882315	131.53339460569018	90.80991229879169
pegRNA_410	safe-target-1	2027.6142223236427	2347.09118073581	1938.739787633348	1347.1956235491443	1589.9387523389566	2059.733919868048
pegRNA_411	safe-target-2	543.2205610766167	584.3699581848373	495.6579357671122	641.2703947550285	595.3616808468082	658.3718641662398
pegRNA_412	safe-target-3	1171.3513040164332	1310.9878667172993	1057.689072436084	1200.7326321544774	1304.5651301242722	1350.7974454445264
pegRNA_413	safe-target-4	2136.0537316911027	2374.9640899255473	2004.0424530367904	1374.9048381373245	1546.0942874703933	1528.289546755801
pegRNA_414	safe-target-5	1336.056596546255	1561.844049424935	1273.9372431163358	1188.8572544738288	994.5770714921485	1043.2820606145272
pegRNA_415	safe-target-6	2429.658818374698	3184.2395912275756	2123.9424288595046	2332.8519710429846	2646.821116012748	2605.625324482375
pegRNA_416	safe-target-7	2721.2178765796616	3147.716468841023	2590.695906169355	2743.2122442298446	2457.5976360536847	2450.8357012457986
pegRNA_417	safe-target-8	2654.7219510241434	3267.8583187967874	2174.2575972851077	2251.043813687405	2435.290803050381	2474.5701101420736
pegRNA_418	safe-target-9	179.0274918802409	164.35405073948547	124.18211781638232	64.65483403908725	77.68931494254215	43.34109450624149
pegRNA_419	safe-target-10	413.29775268352756	675.6777641512181	406.8034893984938	1613.7318781592592	1717.626141254422	1347.701652979795
pegRNA_420	safe-target-11	310.9963287519613	308.5242706864026	278.3392295884431	237.50755361297354	294.6040358712242	268.30201361006635
pegRNA_421	safe-target-12	52.173726205098774	37.48425718619844	53.52677492085445	0.0	22.30683300330418	34.05371711204688
pegRNA_422	safe-target-13	74.68003947004334	57.668087978766835	58.87945241293989	36.945619450906996	6.1536091043597745	84.61832736932863
pegRNA_423	safe-target-14	2904.3374254171654	3713.8248658325842	2532.8869892548323	2694.3912470982887	2875.2738540121045	2755.255293611066
pegRNA_424	safe-target-15	290.5360439656481	445.00541223615073	215.1776351818349	2017.4947193013143	1936.079264459194	1115.5172181249297
pegRNA_425	safe-target-16	6699.720253278272	8580.05035644086	5856.899711839894	5074.744728863868	5765.931730785109	6755.019158044209
pegRNA_426	safe-target-17	5796.398679962543	7344.992138895603	4994.0481001157195	4103.602731868598	5178.26206131875	5599.256637877769
pegRNA_427	safe-target-18	6323.251013210109	7577.586760409962	5132.147179411524	4566.742461413897	5837.467436623291	5840.72845012683
pegRNA_428	safe-target-19	4234.2559365275265	5234.340118872737	4311.046452125617	3724.910132496802	4006.768728076258	4387.769853346163
pegRNA_429	safe-target-20	3385.1541178955263	4954.6498921757175	3198.7600692702617	3614.0732741440806	3716.779899033304	3831.559140516063
pegRNA_430	safe-target-21	2642.445780152356	3117.9212900519938	2083.262079919655	1878.948646360413	2636.0523000801186	2651.030280631771
pegRNA_431	safe-target-22	2263.9305116055607	2808.435884565945	2074.6977959323185	1984.5075590772901	1829.929507408988	2298.109939652376
pegRNA_432	safe-target-23	2916.613596288953	3711.902596233292	2579.9905511851844	2566.401065429075	2524.5181350635976	2481.793625893114
pegRNA_433	safe-target-24	28.644398700838543	9.61134799646114	17.128567974673423	40.90407867778989	13.845620484809492	2.0638616431543566
pegRNA_434	safe-target-25	502.29999150399016	530.5464094046549	410.01509589374507	708.5642016120378	792.277172186321	770.8523237181522
pegRNA_435	safe-target-26	260.86863102549387	310.4465402856948	231.23566765809122	514.599699494776	678.4354037556651	632.5735936268103
pegRNA_436	safe-target-27	2735.540075930081	3012.196462090921	2351.9664900223443	1736.4441141926288	2038.3830158191754	2044.2549575443902
pegRNA_437	safe-target-28	160.61323557255898	172.0431291366544	139.16961479422156	125.35120885129159	144.6098139524547	150.66189995026804
pegRNA_438	safe-target-29	237.33930352123366	217.21646472002175	201.26067370241273	51.4599699494776	107.68815932629606	155.82155405815394
pegRNA_439	safe-target-30	1.0230142393156623	11.533617595753366	0.0	0.0	0.0	0.0
pegRNA_440	safe-target-31	3118.1474014341384	4195.353400455288	3009.275286050437	2922.6623958485357	3192.184722886633	2788.2770799015357
pegRNA_441	safe-target-32	3715.5877171944853	4374.124473189465	3173.0672173082517	2673.2794645549134	3128.3410284289002	3634.460353594822
pegRNA_442	safe-target-33	3706.3805890406443	4824.896694223492	3666.5840820785297	2979.400311433857	3075.266149903797	3153.5805907398567
pegRNA_443	safe-target-34	62.4038685982554	63.43489677664352	49.24463292718609	17.153323316492532	36.92165462615865	24.76633971785228
pegRNA_444	safe-target-35	2037.8443647167992	2704.6333262041644	1980.4906720716147	1341.9176779133006	1538.4022760899436	1807.9427994032164
pegRNA_445	safe-target-36	2004.0848948193823	2638.3150250285826	2071.486189437067	1384.1412430000514	1770.701019779525	1681.0153083492235
pegRNA_446	safe-target-37	7393.323907534291	8749.210081178575	6995.949482155676	5027.243218141273	5323.64107640925	5369.136064666059
pegRNA_447	safe-target-38	5707.39644114208	6582.812242776235	4812.057065384814	4511.324032237537	5007.499408672767	5324.76303933824
pegRNA_448	safe-target-39	7154.961589773742	8466.636450082618	6223.022852298538	4413.682037974425	5096.726740685983	5221.569957180523
pegRNA_449	safe-target-40	6246.5249452614335	7452.639236455967	5535.739062314767	4135.270405683662	4474.443020007601	4938.820912068375
pegRNA_450	safe-target-41	1419.9437641701393	1760.7989529516808	1358.509547491286	1130.7998524795462	1086.881208057545	1491.1400371790226
pegRNA_451	safe-target-42	361.1240264784288	454.6167602326119	286.9035135757798	452.5838382736107	316.14166773648344	463.33693888815304
pegRNA_452	safe-target-43	424.55090931599983	441.1608730375663	361.84099846497605	601.6858024861997	543.825204597795	421.0277752034888
pegRNA_453	safe-target-44	3805.6129702542635	4490.421783946645	2997.499395567849	3503.23641579136	3805.2380299084757	4213.373544499619
pegRNA_454	safe-target-45	4487.96346787781	5230.495579674152	4474.838383383431	3550.7379265139543	3371.4085880511116	3654.067039204788
pegRNA_455	safe-target-46	2803.0590157249144	3287.0810147897096	2644.22268109021	1894.7824832679446	2043.76742378549	2167.0547253120744
pegRNA_456	safe-target-47	1751.4003777084138	2370.158415927317	1785.6532113597043	1429.0037809047242	1983.0005338799374	1793.4957679011359
pegRNA_457	safe-target-48	2017.384079930486	2059.711875641622	1977.2790655763633	1308.9305176892765	1669.9356706956337	1512.8105844321433
pegRNA_458	safe-target-49	3234.771024716124	3210.1902308180206	3001.7815375615173	2009.5778008475484	2046.84422833767	2127.8413540921415
pegRNA_459	safe-target-50	1311.504254802679	1420.5572338769564	1150.8256607983706	981.6978882669573	963.8090259703497	978.2704188551651
pegRNA_460	non-target-1	3105.871230562351	3146.755334041377	2843.3422837957883	1698.1790083327608	1779.1622322980197	1665.5363460255658
pegRNA_461	non-target-2	1065.98083736692	822.7313884970736	996.6685490263098	746.8293074719057	730.7410811427233	935.9612551705007
pegRNA_462	non-target-3	0.0	0.0	1.070535498417089	0.0	0.0	1.0319308215771783
pegRNA_463	non-target-4	598.4633299996624	563.2249925926228	518.139181233871	484.25151208867385	513.8263602140412	744.0221223571456
pegRNA_464	non-target-5	2041.9364216740619	1584.911284616442	2449.3852203782994	1463.3104275377093	1482.2505930126606	1678.9514467060692
pegRNA_465	non-target-6	1035.29041018745	1193.7294211604735	939.9301676102041	786.4138997407347	799.9691835667707	930.8016010626148
pegRNA_466	non-target-7	1639.8918256230065	1796.3609405385869	1421.6711418978941	1270.6654118294084	987.6542612497439	1081.463501012883
pegRNA_467	non-target-8	1454.7262483068716	1841.5342761219542	1650.7657385591513	1026.56042617163	960.7322214181698	1157.826381809594
pegRNA_468	non-target-9	701.7877681705443	660.2996073568803	688.3543254821882	632.0339898923019	526.1335784227607	474.68817792550203
pegRNA_469	non-target-10	2447.050060443064	2868.026242144004	2427.974510409958	1702.1374675596437	1705.3189230457026	1580.918018656237
pegRNA_470	non-target-11	1564.1887719136475	1572.4165322210424	1260.0202816369138	767.9410900152811	1147.648097963098	1684.111100813955
pegRNA_471	non-target-12	1421.9897926487706	1773.2937053470803	1540.500582222191	1107.049097118249	1162.2629195859524	1028.8350291124468
pegRNA_472	non-target-13	2550.374498613946	2733.467370193548	2523.2521697690786	1621.6487966130248	1789.9310482306494	1807.9427994032164
pegRNA_473	non-target-14	1726.848035964838	2038.5669100494076	1752.4666109087746	1522.6873159409527	1057.6515648118364	1339.4462064071774
pegRNA_474	non-target-15	1692.0655518281053	1961.6761260777184	1485.9032718029196	1351.1540827760273	1168.4165286903121	1635.6103521998275
pegRNA_475	non-target-16	1503.8309317940236	1589.7169586146724	1467.704168329829	955.3081600877381	965.3474282464397	913.2587770958028
pegRNA_476	non-target-17	1184.650489127537	1006.3081352294813	1074.8176404107573	746.8293074719057	679.2046048937101	994.7813120003999
pegRNA_477	non-target-18	2795.897916049705	3438.940313133796	2841.201212798954	1599.2175276606886	2106.841917105178	2000.9138630381487
pegRNA_478	non-target-19	2085.9260339646353	2245.2108919733223	2072.556724935484	1316.8474361430422	1625.3220046890253	1393.1066091291907
pegRNA_479	non-target-20	2540.1443562207896	2821.8917717609907	2566.073589705762	1681.0256850162684	1596.0923614433166	1612.9078741251296
pegRNA_480	non-target-21	2904.3374254171654	3244.7910836052806	2862.6119227672957	1629.5657150667907	1628.3988092412053	1760.4739816106662
pegRNA_481	non-target-22	2710.987734186505	3061.214336872873	2664.5628555601343	1707.4154131954876	1650.7056422445096	1920.4232589551289
pegRNA_482	non-target-23	3295.128864835748	3729.203022626922	3163.432397822498	2200.903330146888	1869.9279665873264	2360.0257889470067
pegRNA_483	non-target-24	3298.197907553695	3365.894068360691	3072.4368804570454	1651.996984019127	1833.0063119611677	2045.2868883659673
pegRNA_484	non-target-25	2126.8466035372617	2231.7550047782765	1966.5737105921924	1706.0959267865267	1495.3270123594252	1448.8308734943582
pegRNA_485	non-target-26	1195.903645760009	1143.7504115788756	1149.7551252999535	684.8134462507404	883.0429064756277	916.3545695605343
pegRNA_486	non-target-27	2337.587536836288	2293.2676319556276	1993.3370980526197	1505.53399262446	1531.479465847539	1762.5378432538205
pegRNA_487	non-target-28	1657.283067691373	1830.0006585262008	1741.7612559246038	1180.940336020063	913.8109519974265	1202.1994071374127
pegRNA_488	non-target-29	3423.005644750206	3971.4089921377426	3307.9546901088047	2549.2477421125827	2180.685226357495	2300.17380129553
pegRNA_489	non-target-30	3220.448825365705	3546.5874106941606	2997.499395567849	1636.1631471115954	1983.7697350179824	2284.6948389718727
pegRNA_490	non-target-31	4134.000541074592	4818.16875062597	3927.7947436922996	2439.730370168823	2553.7477783093063	2426.069361527946
pegRNA_491	non-target-32	2345.7716507508135	2349.0134503351023	2132.5067128468413	1622.9682830219858	1455.3285531810866	1485.9803830711367
pegRNA_492	non-target-33	1495.6468178794983	1752.1487397548656	1440.9407808694018	1281.2213031010963	866.8896825766832	1425.0964645980832
pegRNA_493	non-target-34	1988.7396812296474	1899.202364100721	1782.4416048644532	1180.940336020063	1399.1768701038038	1232.125400963151
pegRNA_494	non-target-35	2437.842932289223	2366.3138767287323	2024.3826275067152	1549.0770441201719	1683.0120900423983	1802.7831452953305
pegRNA_495	non-target-36	3355.4867049553723	3575.4214546835437	3011.416357047271	1682.3451714252292	2092.2270954823234	1768.7294281832835
pegRNA_496	non-target-37	1867.0009867510837	2143.330603210834	1734.2675074356841	981.6978882669573	1338.4099801982509	1078.3677085481513
pegRNA_497	non-target-38	1445.5191201530308	1523.3986574390906	1388.4845414469644	956.627646496699	1005.3458874247782	1446.767011851204
pegRNA_498	non-target-39	3033.2372195709386	3431.251234736627	2949.32529813908	2272.1555962307802	2221.4528866738788	2039.0953034365043
pegRNA_499	non-target-40	2668.021136135247	2763.2625489825778	2472.9370013434755	1758.875383144965	1713.7801355641973	1839.932654872109
pegRNA_500	non-target-41	1487.462703964973	1657.9575293895466	1460.2104198409093	1010.7265892640985	1167.6473275522671	1121.7088030543928
