id	num	neg|score	neg|p-value	neg|fdr	neg|rank	neg|goodsgrna	neg|lfc	pos|score	pos|p-value	pos|fdr	pos|rank	pos|goodsgrna	pos|lfc
p.I416F	5	0.0023101	0.0064557	0.653992	1	3	-0.72013	0.99009	0.98973	0.989726	201	0	-0.72013
p.V369L	5	0.0050201	0.013305	0.653992	2	2	-0.29669	0.34623	0.34971	0.989726	52	1	-0.29669
safe-target-9	1	0.015091	0.01493	0.653992	3	1	-1.3326	0.98491	0.98509	0.989726	200	0	-1.3326
safe-target-34	1	0.021127	0.021222	0.653992	4	1	-1.2991	0.97887	0.97886	0.989726	198	0	-1.2991
S45S	2	0.02201	0.029487	0.653992	5	1	-0.78474	0.8931	0.89232	0.989726	172	0	-0.78474
safe-target-12	1	0.023139	0.023275	0.653992	6	1	-1.19	0.97686	0.97716	0.989726	197	0	-1.19
p.R272C	5	0.024899	0.047802	0.653992	7	1	0.31496	0.23965	0.25087	0.989726	35	1	0.31496
safe-target-29	1	0.033199	0.033196	0.653992	8	1	-1.0056	0.9668	0.96738	0.989726	196	0	-1.0056
p.G332C	5	0.034719	0.063425	0.653992	9	1	0.16707	0.39485	0.39719	0.989726	58	0	0.16707
non-target-36	1	0.035211	0.03515	0.653992	10	1	-0.92342	0.96479	0.96534	0.989726	195	0	-0.92342
V369V	2	0.037864	0.044372	0.653992	11	1	-0.41294	0.58414	0.58292	0.989726	90	0	-0.41294
p.R71L	5	0.041838	0.075021	0.653992	12	2	-0.019869	0.95967	0.95996	0.989726	193	0	-0.019869
non-target-1	1	0.04326	0.043435	0.653992	13	1	-0.87062	0.95674	0.95733	0.989726	192	0	-0.87062
p.G364C	5	0.044459	0.079298	0.653992	14	2	-0.049826	0.011548	0.024562	0.705268	6	2	-0.049826
non-target-24	1	0.045272	0.045399	0.653992	15	1	-0.84712	0.95473	0.9551	0.989726	191	0	-0.84712
non-target-21	1	0.047284	0.047543	0.653992	16	1	-0.83333	0.95272	0.95318	0.989726	190	0	-0.83333
non-target-37	1	0.051308	0.051531	0.653992	17	1	-0.79131	0.94869	0.94901	0.989726	187	0	-0.79131
non-target-31	1	0.059356	0.059756	0.653992	18	1	-0.76057	0.94064	0.94093	0.989726	186	0	-0.76057
p.W403C	5	0.063704	0.10928	0.653992	19	1	0.31631	0.0051106	0.013415	0.500167	4	2	0.31631
non-target-30	1	0.067404	0.067673	0.653992	20	1	-0.69874	0.9326	0.93309	0.989726	184	0	-0.69874
non-target-8	1	0.071429	0.07192	0.653992	21	1	-0.68479	0.92857	0.92898	0.989726	183	0	-0.68479
non-target-20	1	0.073441	0.073854	0.653992	22	1	-0.66957	0.92656	0.92709	0.989726	182	0	-0.66957
non-target-22	1	0.077465	0.078032	0.653992	23	1	-0.66669	0.92254	0.92303	0.989726	181	0	-0.66669
P361P	2	0.080794	0.084742	0.653992	24	1	0.0024878	0.25666	0.25598	0.989726	37	0	0.0024878
non-target-32	1	0.081489	0.08196	0.653992	25	1	-0.65829	0.91851	0.91907	0.989726	179	0	-0.65829
safe-target-49	1	0.087525	0.087753	0.653992	26	1	-0.649	0.91247	0.91313	0.989726	177	0	-0.649
safe-target-13	1	0.089537	0.089797	0.653992	27	1	-0.65813	0.91046	0.91107	0.989726	176	0	-0.65813
non-target-16	1	0.091549	0.091801	0.653992	28	1	-0.65405	0.90845	0.90921	0.989726	175	0	-0.65405
non-target-34	1	0.099598	0.10009	0.653992	29	1	-0.62383	0.9004	0.90154	0.989726	174	0	-0.62383
non-target-40	1	0.10563	0.10628	0.653992	30	0	-0.60084	0.89437	0.89551	0.989726	173	0	-0.60084
non-target-7	1	0.10966	0.11049	0.653992	31	0	-0.60016	0.89034	0.89131	0.989726	171	0	-0.60016
non-target-23	1	0.11368	0.11418	0.653992	32	0	-0.58202	0.88632	0.88725	0.989726	170	0	-0.58202
non-target-27	1	0.11569	0.1162	0.653992	33	0	-0.58217	0.88431	0.88495	0.989726	169	0	-0.58217
non-target-19	1	0.11771	0.11829	0.653992	34	0	-0.58204	0.88229	0.88318	0.989726	168	0	-0.58204
p.W252C	5	0.11959	0.16462	0.653992	35	1	0.073842	0.87385	0.87366	0.989726	165	0	0.073842
non-target-29	1	0.11972	0.12031	0.653992	36	0	-0.57332	0.88028	0.88106	0.989726	167	0	-0.57332
non-target-28	1	0.12374	0.12445	0.653992	37	0	-0.56022	0.87626	0.87695	0.989726	166	0	-0.56022
p.A184G	5	0.12863	0.17115	0.653992	38	1	0.35543	0.45923	0.46139	0.989726	68	0	0.35543
p.P361L	5	0.13761	0.17794	0.653992	39	1	-0.26949	0.93409	0.93454	0.989726	185	0	-0.26949
non-target-10	1	0.13783	0.13827	0.653992	40	0	-0.52344	0.86217	0.86325	0.989726	163	0	-0.52344
non-target-38	1	0.13984	0.1403	0.653992	41	0	-0.52346	0.86016	0.86118	0.989726	162	0	-0.52346
non-target-17	1	0.14185	0.14237	0.653992	42	0	-0.52465	0.85815	0.85918	0.989726	161	0	-0.52465
non-target-13	1	0.14386	0.14442	0.653992	43	0	-0.51056	0.85614	0.85696	0.989726	160	0	-0.51056
non-target-25	1	0.14588	0.14604	0.653992	44	0	-0.50797	0.85412	0.85472	0.989726	159	0	-0.50797
p.G378C	5	0.14651	0.18426	0.653992	45	1	0.036729	0.033248	0.059976	0.989726	9	2	0.036729
non-target-18	1	0.14789	0.14812	0.653992	46	0	-0.50563	0.85211	0.85271	0.989726	158	0	-0.50563
safe-target-39	1	0.15191	0.15176	0.653992	47	0	-0.48929	0.84809	0.84902	0.989726	156	0	-0.48929
non-target-35	1	0.15594	0.15531	0.653992	48	0	-0.49135	0.84406	0.84485	0.989726	155	0	-0.49135
safe-target-40	1	0.15795	0.1576	0.653992	49	0	-0.48125	0.84205	0.84292	0.989726	154	0	-0.48125
safe-target-37	1	0.16197	0.16154	0.653992	50	0	-0.47373	0.83803	0.83909	0.989726	153	0	-0.47373
safe-target-4	1	0.16398	0.16349	0.653992	51	0	-0.48276	0.83602	0.83699	0.989726	152	0	-0.48276
non-target-12	1	0.16801	0.16795	0.653992	52	0	-0.47631	0.83199	0.83288	0.989726	151	0	-0.47631
non-target-5	1	0.17203	0.17193	0.653992	53	0	-0.46188	0.82797	0.82886	0.989726	148	0	-0.46188
p.R71W	5	0.17277	0.20404	0.656916	54	1	0.05656	0.91919	0.91967	0.989726	180	0	0.05656
safe-target-46	1	0.17606	0.17584	0.653992	55	0	-0.45558	0.82394	0.82498	0.989726	147	0	-0.45558
R71R	2	0.17837	0.17926	0.653992	56	1	-0.32188	0.75798	0.75703	0.989726	126	0	-0.32188
p.S224F	5	0.18138	0.21048	0.656916	57	1	-0.094827	0.98119	0.98079	0.989726	199	0	-0.094827
non-target-39	1	0.1841	0.18342	0.653992	58	0	-0.44918	0.8159	0.81714	0.989726	145	0	-0.44918
non-target-11	1	0.18612	0.18546	0.653992	59	0	-0.4464	0.81388	0.81524	0.989726	144	0	-0.4464
safe-target-27	1	0.2002	0.19985	0.656916	60	0	-0.42422	0.7998	0.80181	0.989726	143	0	-0.42422
safe-target-50	1	0.20221	0.20188	0.656916	61	0	-0.42254	0.79779	0.79989	0.989726	142	0	-0.42254
safe-target-48	1	0.20423	0.20397	0.656916	62	0	-0.41502	0.79577	0.79773	0.989726	140	0	-0.41502
non-target-2	1	0.20624	0.2059	0.656916	63	0	-0.41585	0.79376	0.79542	0.989726	139	0	-0.41585
non-target-41	1	0.21227	0.21178	0.656916	64	0	-0.40684	0.78773	0.78973	0.989726	138	0	-0.40684
safe-target-35	1	0.21429	0.21376	0.656916	65	0	-0.40538	0.78571	0.78777	0.989726	137	0	-0.40538
non-target-9	1	0.22636	0.22605	0.656916	66	0	-0.38708	0.77364	0.77544	0.989726	134	0	-0.38708
non-target-14	1	0.22837	0.22829	0.656916	67	0	-0.3875	0.77163	0.77341	0.989726	133	0	-0.3875
non-target-26	1	0.23239	0.23221	0.656916	68	0	-0.38039	0.76761	0.76937	0.989726	132	0	-0.38039
non-target-6	1	0.23441	0.23427	0.656916	69	0	-0.37161	0.76559	0.76723	0.989726	130	0	-0.37161
safe-target-5	1	0.23843	0.23827	0.656916	70	0	-0.35655	0.76157	0.76337	0.989726	129	0	-0.35655
p.G603V	5	0.23965	0.25792	0.656916	71	1	0.082177	0.64288	0.64362	0.989726	102	0	0.082177
safe-target-24	1	0.24044	0.2403	0.656916	72	0	-0.28823	0.75956	0.76126	0.989726	127	0	-0.28823
safe-target-1	1	0.24245	0.24238	0.656916	73	0	-0.35062	0.75755	0.75918	0.989726	125	0	-0.35062
G332G	2	0.24621	0.24595	0.656916	74	0	-0.00069388	0.29433	0.29388	0.989726	42	0	-0.00069388
safe-target-45	1	0.24648	0.2464	0.656916	75	0	-0.33786	0.75352	0.7552	0.989726	124	0	-0.33786
p.R234W	5	0.24769	0.26465	0.656916	76	1	0.32178	0.18138	0.20174	0.989726	24	1	0.32178
safe-target-41	1	0.2505	0.25041	0.656916	77	0	-0.32823	0.7495	0.75097	0.989726	123	0	-0.32823
C171C	2	0.25318	0.2529	0.656916	78	0	0.059118	0.2251	0.22558	0.989726	31	0	0.059118
non-target-15	1	0.25453	0.25442	0.656916	79	0	-0.32438	0.74547	0.74704	0.989726	122	0	-0.32438
p.H311R	5	0.25567	0.27119	0.656916	80	1	-0.254	0.96339	0.96356	0.989726	194	0	-0.254
safe-target-36	1	0.2666	0.26737	0.656916	81	0	-0.30117	0.7334	0.73473	0.989726	119	0	-0.30117
p.R240L	4	0.26934	0.27104	0.656916	82	1	0.19611	0.29445	0.29236	0.989726	43	1	0.19611
safe-target-30	1	0.27062	0.27126	0.656916	83	0	-1.0165	0.72938	0.73096	0.989726	118	0	-1.0165
S224S	2	0.27733	0.27717	0.663219	84	0	-0.31302	0.85153	0.85053	0.989726	157	0	-0.31302
safe-target-33	1	0.2827	0.28283	0.668808	85	0	-0.26922	0.7173	0.71863	0.989726	117	0	-0.26922
p.Glu82Asp	5	0.28691	0.29848	0.697616	86	1	-0.25656	0.78193	0.78206	0.989726	136	0	-0.25656
safe-target-32	1	0.30483	0.30524	0.705215	87	0	-0.24812	0.69517	0.69616	0.989726	113	0	-0.24812
Y572Y	2	0.31113	0.31023	0.708588	88	0	-0.052856	0.43221	0.43101	0.989726	65	0	-0.052856
non-target-33	1	0.32495	0.32517	0.71666	89	0	-0.22309	0.67505	0.67704	0.989726	110	0	-0.22309
G524G	2	0.32773	0.32679	0.71666	90	0	-0.25111	0.78116	0.78028	0.989726	135	0	-0.25111
safe-target-11	1	0.32897	0.32912	0.71666	91	0	-0.20083	0.67103	0.67331	0.989726	109	0	-0.20083
G378G	2	0.33103	0.32994	0.71666	92	0	0.049265	0.30779	0.30693	0.989726	45	0	0.049265
safe-target-16	1	0.333	0.33311	0.71666	93	0	-0.21651	0.667	0.66934	0.989726	107	0	-0.21651
p.H274R	5	0.33904	0.34541	0.71666	94	1	0.12684	0.22335	0.23769	0.989726	30	1	0.12684
N414N	2	0.34087	0.33991	0.71666	95	0	0.054901	0.28756	0.28739	0.989726	40	0	0.054901
S508S	2	0.34413	0.3433	0.71666	96	0	-0.1639	0.69049	0.6886	0.989726	112	0	-0.1639
safe-target-23	1	0.34507	0.34585	0.71666	97	0	-0.20821	0.65493	0.65783	0.989726	105	0	-0.20821
S102S	2	0.35063	0.34987	0.717588	98	0	-0.091399	0.54431	0.54328	0.989726	80	0	-0.091399
safe-target-22	1	0.35714	0.35748	0.720097	99	0	-0.18996	0.64286	0.64534	0.989726	101	0	-0.18996
safe-target-38	1	0.35915	0.35946	0.720097	100	0	-0.18871	0.64085	0.64333	0.989726	100	0	-0.18871
p.C171F	5	0.36043	0.36512	0.720097	101	1	-0.57194	0.015	0.030494	0.766157	7	1	-0.57194
safe-target-28	1	0.36519	0.36542	0.720097	102	0	-0.15044	0.63481	0.63731	0.989726	99	0	-0.15044
safe-target-17	1	0.38129	0.38181	0.732814	103	0	-0.16266	0.61871	0.62045	0.989726	96	0	-0.16266
R240R	2	0.38581	0.38413	0.732814	104	0	-0.10812	0.61968	0.61795	0.989726	97	0	-0.10812
non-target-4	1	0.39135	0.39181	0.732814	105	0	-0.13218	0.60865	0.61034	0.989726	95	0	-0.13218
V155V	2	0.3921	0.39004	0.732814	106	0	-0.37711	0.95057	0.94985	0.989726	188	0	-0.37711
safe-target-7	1	0.39336	0.39368	0.732814	107	0	-0.14695	0.60664	0.60831	0.989726	94	0	-0.14695
p.P278L	5	0.39485	0.3974	0.732814	108	1	0.10865	0.41477	0.41706	0.989726	61	0	0.10865
Y300Y	2	0.39836	0.39647	0.732814	109	0	0.13211	0.20729	0.20832	0.989726	28	0	0.13211
p.L237V	5	0.40155	0.40386	0.737958	110	1	0.19966	0.65593	0.65657	0.989726	106	0	0.19966
p.G524C	5	0.41477	0.41706	0.749705	111	0	-0.40176	0.14651	0.1743	0.989726	21	1	-0.40176
safe-target-8	1	0.41751	0.41775	0.749705	112	0	-0.12442	0.58249	0.58366	0.989726	89	0	-0.12442
safe-target-18	1	0.42757	0.42771	0.760787	113	0	-0.1153	0.57243	0.57322	0.989726	87	0	-0.1153
p.V155F	5	0.43417	0.43618	0.762368	114	0	-0.43299	0.83048	0.83057	0.989726	150	0	-0.43299
safe-target-19	1	0.43561	0.43599	0.762368	115	0	-0.10557	0.56439	0.56553	0.989726	84	0	-0.10557
safe-target-31	1	0.44165	0.44169	0.76535	116	0	-0.093375	0.55835	0.55915	0.989726	82	0	-0.093375
A184A	2	0.45025	0.44898	0.771329	117	0	0.17578	0.18928	0.19013	0.989726	25	0	0.17578
safe-target-14	1	0.45775	0.45776	0.779737	118	0	-0.075996	0.54225	0.54233	0.989726	79	0	-0.075996
safe-target-21	1	0.47586	0.47578	0.79391	119	0	-0.0034936	0.52414	0.52432	0.989726	77	0	-0.0034936
R415R	2	0.47678	0.47529	0.79391	120	0	-0.14538	0.79777	0.79694	0.989726	141	0	-0.14538
safe-target-44	1	0.47787	0.47793	0.79391	121	0	-0.00014211	0.52213	0.52214	0.989726	76	0	-0.00014211
safe-target-47	1	0.48592	0.48596	0.800642	122	0	0.0063189	0.51408	0.51388	0.989726	75	0	0.0063189
p.G480R	5	0.4893	0.49127	0.802801	123	0	-0.034195	0.65162	0.65218	0.989726	104	0	-0.034195
p.M161I	5	0.49515	0.4969	0.803408	124	0	0.2477	0.17277	0.19499	0.989726	23	1	0.2477
p.S45F	5	0.50094	0.50271	0.803408	125	0	-0.077906	0.40155	0.4038	0.989726	59	0	-0.077906
V568V	2	0.50548	0.50363	0.803408	126	0	0.10892	0.33103	0.32994	0.989726	50	0	0.10892
G333G	2	0.52509	0.52369	0.826786	127	0	-0.089949	0.76584	0.76494	0.989726	131	0	-0.089949
R362R	2	0.52786	0.52651	0.826786	128	0	-0.36595	0.57632	0.57531	0.989726	88	0	-0.36595
R320R	2	0.53338	0.5322	0.829248	129	0	0.022562	0.56046	0.55978	0.989726	83	0	0.022562
L281L	2	0.53886	0.53774	0.829422	130	0	0.035023	0.53062	0.52916	0.989726	78	0	0.035023
R413R	2	0.54159	0.54057	0.829422	131	0	-0.0032571	0.60464	0.60291	0.989726	92	0	-0.0032571
G462G	2	0.56312	0.56269	0.856827	132	0	-0.17154	0.86956	0.86914	0.989726	164	0	-0.17154
p.W450L	5	0.58169	0.58346	0.881562	133	0	0.012479	0.95135	0.95144	0.989726	189	0	0.012479
safe-target-6	1	0.58652	0.58771	0.881562	134	0	0.10084	0.41348	0.41384	0.989726	60	0	0.10084
R601R	2	0.60211	0.60062	0.893411	135	0	-0.12069	0.82903	0.8287	0.989726	149	0	-0.12069
R234R	2	0.60969	0.60794	0.893411	136	0	-0.063742	0.75996	0.75909	0.989726	128	0	-0.063742
safe-target-20	1	0.61268	0.61433	0.893411	137	0	0.13479	0.38732	0.3879	0.989726	56	0	0.13479
p.R320L	5	0.6156	0.61656	0.893411	138	0	-0.26694	0.46535	0.46721	0.989726	69	0	-0.26694
H311H	2	0.62463	0.62295	0.893411	139	0	0.058287	0.56578	0.56526	0.989726	85	0	0.058287
safe-target-3	1	0.62475	0.62672	0.893411	140	0	0.15527	0.37525	0.37561	0.989726	55	0	0.15527
p.N414I	5	0.62487	0.62547	0.893411	141	0	-0.18526	0.91784	0.91835	0.989726	178	0	-0.18526
G480G	2	0.65363	0.65255	0.923685	142	0	0.11859	0.43523	0.43411	0.989726	66	0	0.11859
Q163Q	2	0.66304	0.66194	0.930413	143	0	-0.019413	0.73778	0.7364	0.989726	121	0	-0.019413
I416I	1	0.67706	0.67879	0.947471	144	0	0.25531	0.32294	0.32311	0.989726	48	0	0.25531
p.Y572C	5	0.68887	0.68954	0.947957	145	0	0.13779	0.71558	0.71604	0.989726	116	0	0.13779
safe-target-2	1	0.68913	0.6904	0.947957	146	0	0.23899	0.31087	0.31105	0.989726	46	0	0.23899
p.G462V	5	0.6928	0.69328	0.947957	147	0	0.44681	0.31709	0.32153	0.989726	47	1	0.44681
R272R	2	0.70377	0.7024	0.953942	148	0	0.19567	0.42917	0.42802	0.989726	64	0	0.19567
G603G	2	0.71891	0.71752	0.967929	149	0	0.057531	0.65126	0.65051	0.989726	103	0	0.057531
R260R	2	0.72947	0.72819	0.972017	150	0	0.27756	0.29095	0.29065	0.989726	41	0	0.27756
E192E	2	0.73156	0.73022	0.972017	151	0	0.18946	0.42613	0.4247	0.989726	63	0	0.18946
safe-target-42	1	0.74748	0.7491	0.984207	152	0	0.32489	0.25252	0.25241	0.989726	36	0	0.32489
p.G430C	5	0.75381	0.75382	0.984207	153	0	-0.11358	0.62944	0.63001	0.989726	98	0	-0.11358
N238N	2	0.75996	0.75909	0.984207	154	0	0.16431	0.50265	0.50106	0.989726	74	0	0.16431
safe-target-43	1	0.76559	0.76723	0.984207	155	0	0.35646	0.23441	0.23427	0.989726	34	0	0.35646
p.W252L	5	0.76665	0.76671	0.984207	156	0	0.18532	0.37438	0.37715	0.989726	54	1	0.18532
G558G	2	0.77356	0.7728	0.984207	157	0	0.077829	0.68374	0.68164	0.989726	111	0	0.077829
L237L	2	0.78116	0.78028	0.984207	158	0	0.31513	0.29771	0.29712	0.989726	44	0	0.31513
p.N238K	5	0.78193	0.78206	0.984207	159	0	0.30623	0.55075	0.55225	0.989726	81	0	0.30623
H274H	2	0.78677	0.78563	0.984207	160	0	0.33344	0.26703	0.26673	0.989726	39	0	0.33344
p.R413L	5	0.79921	0.79936	0.984207	161	0	0.23487	0.091989	0.13359	0.989726	16	1	0.23487
C297C	2	0.80137	0.80034	0.984207	162	0	0.21096	0.4941	0.49251	0.989726	72	0	0.21096
V465V	2	0.81024	0.80921	0.984207	163	0	0.47503	0.12274	0.1238	0.989726	19	1	0.47503
G430G	2	0.81546	0.81438	0.984207	164	0	0.36814	0.23217	0.23235	0.989726	33	0	0.36814
p.R320Q	5	0.81796	0.8181	0.984207	165	0	0.11149	0.47744	0.47962	0.989726	70	0	0.11149
p.S508R	5	0.82305	0.82356	0.984207	166	0	0.15332	0.15533	0.18153	0.989726	22	1	0.15332
p.S102L	5	0.82556	0.82612	0.984207	167	0	0.23961	0.044459	0.07857	0.989726	12	1	0.23961
p.E192K	5	0.83048	0.83057	0.984207	168	0	0.24507	0.82305	0.82356	0.989726	146	0	0.24507
p.G186C	5	0.83289	0.83279	0.984207	169	0	0.033052	0.23153	0.24424	0.989726	32	1	0.033052
p.R260L	5	0.83528	0.83493	0.984207	170	0	0.25973	0.5965	0.59822	0.989726	91	0	0.25973
p.G333C	5	0.83998	0.83988	0.984207	171	0	-0.10737	0.6967	0.69712	0.989726	114	0	-0.10737
p.Y300C	5	0.84229	0.84221	0.984207	172	0	0.34379	0.36744	0.3704	0.989726	53	1	0.34379
A510A	2	0.85462	0.85325	0.98777	173	0	0.33163	0.33431	0.33314	0.989726	51	0	0.33163
p.R362Q	5	0.86598	0.86564	0.98777	174	0	0.61059	0.041838	0.074243	0.989726	11	2	0.61059
p.L281M	5	0.86996	0.86976	0.98777	175	0	0.32245	0.19838	0.21598	0.989726	27	1	0.32245
p.R415H	5	0.87576	0.87578	0.98777	176	0	0.088561	0.56644	0.56768	0.989726	86	0	0.088561
p.P278S	5	0.87764	0.87781	0.98777	177	0	0.27688	0.32447	0.32848	0.989726	49	1	0.27688
H210H	2	0.88093	0.88051	0.98777	178	0	0.5707	0.088494	0.091332	0.989726	14	1	0.5707
R536R	2	0.88231	0.88207	0.98777	179	0	0.49657	0.13776	0.13886	0.989726	20	1	0.49657
p.Q163L	5	0.88496	0.88457	0.98777	180	0	0.22168	0.60614	0.60738	0.989726	93	0	0.22168
p.G480W	5	0.90635	0.90588	0.998637	181	0	0.033976	0.7335	0.73372	0.989726	120	0	0.033976
P278P	2	0.90708	0.90707	0.998637	182	0	0.57749	0.1114	0.11308	0.989726	18	1	0.57749
safe-target-25	1	0.90845	0.90921	0.998637	183	0	0.61691	0.091549	0.091801	0.989726	15	0	0.61691
p.C297F	5	0.92443	0.92483	0.999018	184	0	0.17839	0.4893	0.49127	0.989726	71	0	0.17839
p.R536C	3	0.93532	0.9346	0.999018	185	0	0.43916	0.21998	0.2202	0.989726	29	1	0.43916
p.R413C	5	0.93745	0.93812	0.999018	186	0	0.34284	0.26358	0.27193	0.989726	38	1	0.34284
p.R601L	5	0.93961	0.94036	0.999018	187	0	0.29191	0.49515	0.4969	0.989726	73	0	0.29191
p.Gly31Glu	5	0.94067	0.94129	0.999018	188	0	0.075468	0.70437	0.70486	0.989726	115	0	0.075468
p.A510V	5	0.9467	0.94687	0.999018	189	0	0.34676	0.037439	0.067164	0.989726	10	2	0.34676
p.V465L	5	0.94766	0.94775	0.999018	190	0	0.59754	0.38808	0.39049	0.989726	57	0	0.59754
p.V568F	5	0.9589	0.95921	0.999018	191	0	0.55956	0.45305	0.45526	0.989726	67	0	0.55956
G186G	2	0.97872	0.97861	0.999018	192	0	0.71499	0.1076	0.10946	0.989726	17	1	0.71499
p.M550K	5	0.97946	0.97903	0.999018	193	0	0.45243	0.18991	0.20895	0.989726	26	1	0.45243
p.G558R	5	0.98161	0.98126	0.999018	194	0	0.41606	0.4213	0.42329	0.989726	62	0	0.41606
safe-target-26	1	0.98491	0.98509	0.999018	195	0	1.2747	0.015091	0.01493	0.500167	8	1	1.2747
p.H210P	5	0.98731	0.98722	0.999018	196	0	0.96731	0.00098358	0.0027667	0.278056	1	3	0.96731
G364G	2	0.99269	0.99315	0.999018	197	0	1.1156	0.0073125	0.014003	0.500167	5	2	1.1156
p.Arg34Gly	5	0.99368	0.99349	0.999018	198	0	0.23825	0.66859	0.66878	0.989726	108	0	0.23825
safe-target-10	1	0.99497	0.99513	0.999018	199	0	1.9626	0.0050302	0.0047309	0.316967	3	1	1.9626
p.Glu79Gln	5	0.99578	0.99596	0.999018	200	0	0.3695	0.05124	0.089647	0.989726	13	2	0.3695
safe-target-15	1	0.99899	0.99902	0.999018	201	0	2.7321	0.001006	0.00097209	0.195391	2	1	2.7321
