id	num	neg|score	neg|p-value	neg|fdr	neg|rank	neg|goodsgrna	neg|lfc	pos|score	pos|p-value	pos|fdr	pos|rank	pos|goodsgrna	pos|lfc
p.I416F	15	6.2298e-06	0.010932	0.708082	1	5	-0.21	0.59149	4.9804e-06	8e-06	81	1	-0.21
V369V	6	0.00040326	0.020813	0.708082	2	3	-0.28407	0.040348	4.9804e-06	8e-06	17	2	-0.28407
S45S	6	0.00094398	0.045755	1.0	3	3	-0.69846	0.99555	0.46307	0.599617	160	0	-0.69846
safe-target-30	3	0.0010044	0.018891	0.708082	4	1	0.852	0.008016	4.9804e-06	8e-06	11	2	0.852
safe-target-29	3	0.0030973	0.019369	0.708082	5	2	-0.92862	0.97619	0.49644	0.63873	151	0	-0.92862
safe-target-12	3	0.0037602	0.021022	0.708082	6	2	-0.88013	0.99001	0.71749	0.911526	156	0	-0.88013
safe-target-13	3	0.0039003	0.021032	0.708082	7	2	-0.89048	0.91302	0.18262	0.249245	135	0	-0.89048
P361P	6	0.0071114	0.1143	1.0	8	2	0.173	0.015968	4.9804e-06	8e-06	14	1	0.173
safe-target-9	3	0.0099017	0.057429	1.0	9	2	-0.70789	0.9993	0.97757	1.0	161	0	-0.70789
safe-target-24	3	0.011011	0.067718	1.0	10	1	-0.032983	0.15139	4.9804e-06	8e-06	33	1	-0.032983
p.W403C	15	0.014484	0.3916	1.0	11	2	0.12829	0.0001853	4.9804e-06	8e-06	6	7	0.12829
safe-target-34	3	0.015899	0.11195	1.0	12	2	-0.65178	0.99233	0.78502	0.99109	157	0	-0.65178
p.P361L	15	0.026888	0.47929	1.0	13	3	0.24423	0.43005	4.9804e-06	8e-06	58	2	0.24423
p.A184G	15	0.03127	0.58807	1.0	14	3	0.11122	0.75193	4.9804e-06	8e-06	105	1	0.11122
p.V369L	15	0.043811	0.59981	1.0	15	3	0.11127	0.011114	4.9804e-06	8e-06	12	5	0.11127
p.R272C	15	0.053338	0.60859	1.0	16	2	0.22329	0.35156	4.9804e-06	8e-06	51	1	0.22329
R260R	6	0.064504	0.34581	1.0	17	1	0.32815	0.38044	4.9804e-06	8e-06	53	1	0.32815
G332G	6	0.068299	0.37423	1.0	18	1	-0.09576	0.61846	4.9804e-06	8e-06	84	0	-0.09576
p.R260L	15	0.069341	0.63324	1.0	19	2	0.0031158	0.44091	4.9804e-06	8e-06	62	2	0.0031158
p.W252L	15	0.072759	0.63325	1.0	20	1	0.056899	0.87677	4.9804e-06	8e-06	127	0	0.056899
G364G	6	0.075851	0.40477	1.0	21	1	0.90145	0.00010743	4.9804e-06	8e-06	4	3	0.90145
p.G332C	15	0.077883	0.65055	1.0	22	2	-0.024201	0.39325	4.9804e-06	8e-06	55	2	-0.024201
G378G	6	0.07851	0.42079	1.0	23	2	-0.36561	0.056875	4.9804e-06	8e-06	20	1	-0.36561
p.R71L	15	0.082842	0.66097	1.0	24	3	-0.40868	0.9931	4.9804e-06	8e-06	158	0	-0.40868
p.L237V	15	0.086753	0.66098	1.0	25	2	-0.084594	0.4373	4.9804e-06	8e-06	61	2	-0.084594
R362R	5	0.094967	0.40788	1.0	26	1	0.17505	0.49271	4.9804e-06	8e-06	71	0	0.17505
p.R71W	15	0.10672	0.71227	1.0	27	3	-0.1078	0.98217	4.9804e-06	8e-06	154	0	-0.1078
p.S224F	15	0.10951	0.71429	1.0	28	2	-0.26036	0.98686	4.9804e-06	8e-06	155	0	-0.26036
p.C171F	15	0.12631	0.80116	1.0	29	3	-0.3819	0.0040234	4.9804e-06	8e-06	10	2	-0.3819
E192E	6	0.13445	0.50389	1.0	30	1	-0.0061331	0.65474	4.9804e-06	8e-06	89	0	-0.0061331
p.G603V	15	0.1449	0.80356	1.0	31	1	0.0034715	0.68785	4.9804e-06	8e-06	95	1	0.0034715
p.V155F	15	0.14906	0.80616	1.0	32	2	-0.23303	0.85022	4.9804e-06	8e-06	120	0	-0.23303
safe-target-35	3	0.18515	0.44079	1.0	33	1	-0.37341	0.83644	0.071444	0.104577	119	0	-0.37341
p.R240L	13	0.19354	0.76252	1.0	34	2	0.28014	0.71793	4.9804e-06	8e-06	98	1	0.28014
p.R234W	15	0.19554	0.81936	1.0	35	1	-0.010892	0.77293	4.9804e-06	8e-06	109	1	-0.010892
safe-target-33	3	0.19736	0.48042	1.0	36	1	-0.27878	0.89671	0.13958	0.194456	131	0	-0.27878
p.G378C	15	0.23558	0.84236	1.0	37	2	0.38391	0.012975	4.9804e-06	8e-06	13	4	0.38391
safe-target-40	3	0.24498	0.62563	1.0	38	0	-0.37926	0.85658	0.093945	0.133654	121	0	-0.37926
p.G558R	15	0.2487	0.84702	1.0	39	2	0.30151	0.14011	4.9804e-06	8e-06	31	3	0.30151
R240R	6	0.24875	0.59943	1.0	40	1	-0.24471	0.30989	4.9804e-06	8e-06	47	1	-0.24471
safe-target-49	3	0.24997	0.65039	1.0	41	0	-0.57444	0.97718	0.51155	0.654006	153	0	-0.57444
safe-target-39	3	0.25163	0.65039	1.0	42	0	-0.48976	0.87145	0.093955	0.133654	124	0	-0.48976
safe-target-41	3	0.25328	0.65039	1.0	43	0	-0.095847	0.75002	0.048474	0.072013	104	0	-0.095847
safe-target-50	3	0.26152	0.6504	1.0	44	0	-0.42327	0.92469	0.2242	0.303951	139	0	-0.42327
p.R362Q	15	0.26626	0.8577	1.0	45	1	-0.029684	0.00086734	4.9804e-06	8e-06	8	6	-0.029684
safe-target-37	3	0.26643	0.67397	1.0	46	0	-0.38136	0.94765	0.28403	0.377456	145	0	-0.38136
S224S	6	0.27064	0.62083	1.0	47	1	-0.38782	0.99335	0.33571	0.443228	159	0	-0.38782
safe-target-46	3	0.28104	0.71883	1.0	48	0	-0.22666	0.91223	0.18262	0.249245	134	0	-0.22666
safe-target-4	3	0.28908	0.72913	1.0	49	0	-0.51555	0.97325	0.43062	0.561193	150	0	-0.51555
safe-target-5	3	0.29546	0.72913	1.0	50	0	-0.28323	0.93876	0.28402	0.377456	141	0	-0.28323
H210H	6	0.29801	0.6654	1.0	51	1	0.43851	0.20663	4.9804e-06	8e-06	42	1	0.43851
S102S	6	0.3187	0.68704	1.0	52	1	-0.41788	0.42236	4.9804e-06	8e-06	57	1	-0.41788
p.G333C	15	0.32142	0.88796	1.0	53	2	-0.052031	0.303	4.9804e-06	8e-06	46	1	-0.052031
H311H	6	0.32161	0.68704	1.0	54	1	-0.21887	0.52562	4.9804e-06	8e-06	77	0	-0.21887
safe-target-45	3	0.34818	0.79424	1.0	55	0	-0.23472	0.89803	0.13959	0.194456	132	0	-0.23472
p.S45F	15	0.35156	0.91033	1.0	56	1	0.010841	0.18458	4.9804e-06	8e-06	37	3	0.010841
safe-target-36	3	0.36317	0.8192	1.0	57	0	-0.20763	0.86939	0.093955	0.133654	123	0	-0.20763
safe-target-16	3	0.37353	0.83464	1.0	58	0	-0.2019	0.57501	4.9804e-06	8e-06	78	0	-0.2019
V155V	6	0.39115	0.78498	1.0	59	1	-0.25882	0.97712	0.18213	0.249245	152	0	-0.25882
safe-target-27	3	0.40534	0.88154	1.0	60	0	-0.37713	0.78204	0.048484	0.072013	112	0	-0.37713
safe-target-32	3	0.42917	0.90906	1.0	61	0	-0.2451	0.59951	4.9804e-06	8e-06	82	0	-0.2451
safe-target-23	3	0.43193	0.90907	1.0	62	0	-0.0272	0.65463	4.9804e-06	8e-06	88	0	-0.0272
safe-target-17	3	0.43742	0.91428	1.0	63	0	-0.33098	0.50063	4.9804e-06	8e-06	74	0	-0.33098
safe-target-48	3	0.44695	0.91895	1.0	64	0	-0.32193	0.97085	0.41375	0.542717	149	0	-0.32193
safe-target-22	3	0.47359	0.92332	1.0	65	0	-0.10387	0.66926	4.9804e-06	8e-06	92	0	-0.10387
safe-target-31	3	0.4749	0.92332	1.0	66	0	-0.058342	0.71675	0.024339	0.037835	97	0	-0.058342
S508S	6	0.47845	0.91497	1.0	67	0	0.14581	0.76178	4.9804e-06	8e-06	108	0	0.14581
safe-target-1	3	0.48529	0.93935	1.0	68	0	-0.35656	0.78131	0.048484	0.072013	111	0	-0.35656
p.V465L	15	0.4898	0.9491	1.0	69	1	0.13526	0.069341	4.9804e-06	8e-06	23	2	0.13526
Y572Y	6	0.49231	0.92649	1.0	70	0	-0.26378	0.50362	4.9804e-06	8e-06	75	0	-0.26378
safe-target-19	3	0.49936	0.94662	1.0	71	0	-0.12159	0.72703	0.024349	0.037835	102	0	-0.12159
safe-target-38	3	0.51192	0.95646	1.0	72	0	-0.20472	0.65166	4.9804e-06	8e-06	87	0	-0.20472
safe-target-18	3	0.51317	0.95646	1.0	73	0	-0.2635	0.51441	4.9804e-06	8e-06	76	0	-0.2635
safe-target-28	3	0.51565	0.95971	1.0	74	0	0.046657	0.72363	0.024349	0.037835	100	0	0.046657
C171C	6	0.52778	0.93197	1.0	75	0	-0.32472	0.43496	4.9804e-06	8e-06	60	1	-0.32472
p.P278L	15	0.53104	0.95283	1.0	76	1	0.087648	0.4694	4.9804e-06	8e-06	69	2	0.087648
R601R	6	0.53419	0.93713	1.0	77	0	-0.079472	0.74035	4.9804e-06	8e-06	103	0	-0.079472
p.Glu82Asp	15	0.55048	0.95479	1.0	78	1	0.0028198	0.93483	4.9804e-06	8e-06	140	0	0.0028198
L237L	6	0.55095	0.94214	1.0	79	0	-0.029296	0.46427	4.9804e-06	8e-06	67	1	-0.029296
R71R	6	0.55301	0.94214	1.0	80	0	-0.35836	0.80441	4.9804e-06	8e-06	115	0	-0.35836
R320R	6	0.56116	0.94671	1.0	81	0	0.21532	0.46666	4.9804e-06	8e-06	68	1	0.21532
safe-target-8	3	0.56355	0.97835	1.0	82	0	-0.081508	0.48529	4.9804e-06	8e-06	70	0	-0.081508
Y300Y	6	0.57118	0.95845	1.0	83	0	-0.074264	0.57906	4.9804e-06	8e-06	79	0	-0.074264
p.H311R	15	0.57372	0.96031	1.0	84	1	-0.041035	0.94365	4.9804e-06	8e-06	143	0	-0.041035
G524G	6	0.58873	0.9677	1.0	85	0	-0.14707	0.88542	4.9804e-06	8e-06	129	0	-0.14707
p.H210P	15	0.59149	0.96194	1.0	86	1	0.61817	1.6137e-05	4.9804e-06	8e-06	2	7	0.61817
safe-target-20	3	0.59951	0.98687	1.0	87	0	0.14034	0.34364	4.9804e-06	8e-06	50	0	0.14034
p.R413L	15	0.60012	0.96195	1.0	88	1	0.17731	0.45095	4.9804e-06	8e-06	63	1	0.17731
safe-target-14	3	0.60494	0.98819	1.0	89	0	-0.049085	0.49809	4.9804e-06	8e-06	72	0	-0.049085
safe-target-7	3	0.62305	0.99049	1.0	90	0	0.032991	0.81838	0.071434	0.104577	117	0	0.032991
I416I	3	0.62619	0.9905	1.0	91	0	-0.21139	0.93907	0.28402	0.377456	142	0	-0.21139
safe-target-42	3	0.62723	0.9905	1.0	92	0	0.37553	0.20256	4.9804e-06	8e-06	41	1	0.37553
G462G	6	0.63089	0.98466	1.0	93	0	-0.12228	0.91159	0.048155	0.072013	133	0	-0.12228
L281L	6	0.64974	0.9875	1.0	94	0	0.12857	0.69861	4.9804e-06	8e-06	96	0	0.12857
R272R	6	0.65308	0.9886	1.0	95	0	0.0079119	0.13088	4.9804e-06	8e-06	30	1	0.0079119
safe-target-11	3	0.66248	0.99489	1.0	96	0	-0.095948	0.8765	0.093955	0.133654	126	0	-0.095948
safe-target-6	3	0.66443	0.99489	1.0	97	0	0.13348	0.41523	4.9804e-06	8e-06	56	0	0.13348
G333G	6	0.66939	0.99078	1.0	98	0	-0.07869	0.95706	0.09519	0.134464	147	0	-0.07869
p.Q163L	15	0.67401	0.97377	1.0	99	1	0.17507	0.87533	4.9804e-06	8e-06	125	0	0.17507
p.M161I	15	0.681	0.97567	1.0	100	1	0.26747	0.67401	4.9804e-06	8e-06	94	1	0.26747
p.G462V	15	0.69122	0.97728	1.0	101	1	0.070348	0.025886	4.9804e-06	8e-06	16	4	0.070348
N238N	6	0.70155	0.99332	1.0	102	0	0.035726	0.49912	4.9804e-06	8e-06	73	0	0.035726
safe-target-47	3	0.70888	0.99674	1.0	103	0	0.049703	0.6114	4.9804e-06	8e-06	83	0	0.049703
p.G364C	15	0.735	0.98967	1.0	104	1	0.17199	0.00043577	4.9804e-06	8e-06	7	6	0.17199
p.S102L	15	0.7464	0.99123	1.0	105	0	0.26201	0.17058	4.9804e-06	8e-06	35	1	0.26201
C297C	6	0.74681	0.99716	1.0	106	0	-0.024852	0.18992	4.9804e-06	8e-06	39	1	-0.024852
safe-target-21	3	0.75162	0.99839	1.0	107	0	-0.089548	0.32526	4.9804e-06	8e-06	49	0	-0.089548
safe-target-44	3	0.76487	0.99863	1.0	108	0	-0.035898	0.28748	4.9804e-06	8e-06	44	0	-0.035898
safe-target-3	3	0.76943	0.99863	1.0	109	0	0.17895	0.65562	4.9804e-06	8e-06	90	0	0.17895
p.P278S	15	0.77668	0.99482	1.0	110	0	0.00033367	0.10045	4.9804e-06	8e-06	25	3	0.00033367
R415R	6	0.79494	0.99906	1.0	111	0	-0.052075	0.85948	4.9804e-06	8e-06	122	0	-0.052075
safe-target-2	3	0.79558	0.99897	1.0	112	0	0.23455	0.64263	4.9804e-06	8e-06	86	0	0.23455
p.G524C	15	0.83029	0.99826	1.0	113	0	-0.2406	0.17898	4.9804e-06	8e-06	36	1	-0.2406
p.R320L	15	0.83963	0.99826	1.0	114	0	0.13268	0.4588	4.9804e-06	8e-06	65	2	0.13268
G558G	6	0.84732	0.99991	1.0	115	0	0.17006	0.75934	4.9804e-06	8e-06	107	0	0.17006
V568V	6	0.86335	0.99996	1.0	116	0	0.0055363	0.9222	0.048165	0.072013	138	0	0.0055363
G430G	6	0.87866	1.0	1.0	117	0	0.29936	0.087083	4.9804e-06	8e-06	24	1	0.29936
p.W252C	15	0.88097	0.99946	1.0	118	0	-0.027263	0.81005	4.9804e-06	8e-06	116	1	-0.027263
N414N	6	0.89498	1.0	1.0	119	0	-0.0062032	0.59065	4.9804e-06	8e-06	80	0	-0.0062032
V465V	6	0.89742	1.0	1.0	120	0	0.44335	0.05872	4.9804e-06	8e-06	21	2	0.44335
p.N414I	15	0.89768	0.99972	1.0	121	0	0.11474	0.94826	4.9804e-06	8e-06	146	0	0.11474
P278P	6	0.89921	1.0	1.0	122	0	0.6814	0.12253	4.9804e-06	8e-06	27	2	0.6814
R234R	6	0.90039	1.0	1.0	123	0	0.068286	0.89437	4.9804e-06	8e-06	130	0	0.068286
A510A	6	0.91265	1.0	1.0	124	0	0.3034	0.061866	4.9804e-06	8e-06	22	2	0.3034
Q163Q	6	0.92026	1.0	1.0	125	0	-0.06517	0.75564	4.9804e-06	8e-06	106	0	-0.06517
p.A510V	15	0.92384	0.99998	1.0	126	0	0.43718	0.018357	4.9804e-06	8e-06	15	4	0.43718
G603G	6	0.9359	1.0	1.0	127	0	0.046118	0.78509	4.9804e-06	8e-06	113	0	0.046118
p.L281M	15	0.94567	1.0	1.0	128	0	-0.033201	0.46234	4.9804e-06	8e-06	66	2	-0.033201
p.Y572C	15	0.94889	1.0	1.0	129	0	0.079507	0.72008	4.9804e-06	8e-06	99	1	0.079507
R413R	6	0.95121	1.0	1.0	130	0	0.099561	0.62383	4.9804e-06	8e-06	85	0	0.099561
A184A	6	0.9636	1.0	1.0	131	0	0.27988	0.38582	4.9804e-06	8e-06	54	1	0.27988
p.N238K	15	0.96521	1.0	1.0	132	0	0.18282	0.88369	4.9804e-06	8e-06	128	0	0.18282
p.E192K	15	0.96565	1.0	1.0	133	0	0.12037	0.945	4.9804e-06	8e-06	144	0	0.12037
G480G	6	0.96607	1.0	1.0	134	0	-0.019535	0.91678	0.048155	0.072013	136	0	-0.019535
p.V568F	15	0.9665	1.0	1.0	135	0	0.1416	0.26397	4.9804e-06	8e-06	43	2	0.1416
safe-target-43	3	0.96708	1.0	1.0	136	0	0.32273	0.32061	4.9804e-06	8e-06	48	0	0.32273
G186G	6	0.97037	1.0	1.0	137	0	0.18104	0.044913	4.9804e-06	8e-06	18	2	0.18104
p.M550K	15	0.97048	1.0	1.0	138	0	0.13914	0.001469	4.9804e-06	8e-06	9	5	0.13914
p.W450L	15	0.97402	1.0	1.0	139	0	-0.12709	0.96249	4.9804e-06	8e-06	148	0	-0.12709
p.R413C	15	0.97595	1.0	1.0	140	0	0.29849	0.12504	4.9804e-06	8e-06	28	2	0.29849
p.G430C	15	0.97774	1.0	1.0	141	0	-0.020244	0.45666	4.9804e-06	8e-06	64	1	-0.020244
p.S508R	15	0.97967	1.0	1.0	142	0	0.22224	0.3783	4.9804e-06	8e-06	52	2	0.22224
p.G480R	15	0.98437	1.0	1.0	143	0	-0.024845	0.922	4.9804e-06	8e-06	137	0	-0.024845
p.H274R	15	0.98478	1.0	1.0	144	0	0.14417	0.80355	4.9804e-06	8e-06	114	1	0.14417
p.Gly31Glu	15	0.98518	1.0	1.0	145	0	0.21606	0.83596	4.9804e-06	8e-06	118	0	0.21606
R536R	6	0.98559	1.0	1.0	146	0	0.44591	0.65968	4.9804e-06	8e-06	91	0	0.44591
p.R536C	9	0.98581	1.0	1.0	147	0	0.36738	0.19595	4.9804e-06	8e-06	40	2	0.36738
H274H	6	0.98789	1.0	1.0	148	0	0.25387	0.05065	4.9804e-06	8e-06	19	2	0.25387
safe-target-25	3	0.98925	1.0	1.0	149	0	0.56421	0.18865	4.9804e-06	8e-06	38	1	0.56421
p.G480W	15	0.99024	1.0	1.0	150	0	-0.04263	0.77791	4.9804e-06	8e-06	110	1	-0.04263
p.Y300C	15	0.99161	1.0	1.0	151	0	0.13147	0.28852	4.9804e-06	8e-06	45	2	0.13147
p.R601L	15	0.99249	1.0	1.0	152	0	0.18768	0.1449	4.9804e-06	8e-06	32	2	0.18768
p.G186C	15	0.99319	1.0	1.0	153	0	0.14775	0.67047	4.9804e-06	8e-06	93	1	0.14775
p.R320Q	15	0.99433	1.0	1.0	154	0	0.32966	0.15934	4.9804e-06	8e-06	34	3	0.32966
p.R415H	15	0.99713	1.0	1.0	155	0	0.15221	0.11963	4.9804e-06	8e-06	26	3	0.15221
p.C297F	15	0.99794	1.0	1.0	156	0	0.16864	0.43347	4.9804e-06	8e-06	59	1	0.16864
safe-target-26	3	0.99983	1.0	1.0	157	0	1.2165	0.00016873	4.9804e-06	8e-06	5	3	1.2165
p.Glu79Gln	15	0.9999	1.0	1.0	158	0	0.34935	0.12857	4.9804e-06	8e-06	29	3	0.34935
p.Arg34Gly	15	0.99994	1.0	1.0	159	0	0.39802	0.72614	4.9804e-06	8e-06	101	1	0.39802
safe-target-10	3	0.99996	1.0	1.0	160	0	1.774	3.6445e-05	4.9804e-06	8e-06	3	3	1.774
safe-target-15	3	1.0	1.0	1.0	161	0	2.6677	4.57e-07	4.9804e-06	8e-06	1	3	2.6677
