sgRNA	Gene	REP1_PreSort	REP2_PreSort	REP3_PreSort	REP1_Q1Q2	REP2_Q1Q2	REP3_Q1Q2
pegRNA_1	p.R601L	116.60852040806763	113.25379726060275	149.75676238842593	153.85340963416613	184.30744173107115	151.21356447465124
pegRNA_2	p.R601L	381.62788497185767	407.7136701381699	499.71467028558965	457.12214977843587	579.8941459343458	530.2555660911104
pegRNA_3	p.R601L	172.6411860586975	161.38666109635892	193.89559761869882	167.16764700635358	146.4184554518614	664.6676234019114
pegRNA_4	p.R601L	92.37817850509254	104.75976246605754	108.77070110317251	76.92670481708306	124.58412437570664	118.95467072005897
pegRNA_5	p.R601L	186.270753379121	168.4650234251466	225.42333706889377	212.28811810098884	295.4056557362116	231.8607988611319
pegRNA_6	p.V155F	893.4938576722064	898.9520157560344	764.547681667227	650.9182715291644	508.61147683278176	668.6999851212355
pegRNA_7	p.V155F	1170.628393187484	1148.1103697293604	1030.9570800213742	929.03789663708	892.6388292898569	877.0386739529772
pegRNA_8	p.V155F	171.12678968976158	202.44116260332743	141.87482752587718	147.1962909480724	96.97011742645208	120.29879129316699
pegRNA_9	p.V155F	57.54706201956584	46.71719136999863	67.7846398179191	93.19966160531217	64.86080702034212	59.141305216752485
pegRNA_10	p.V155F	78.74861118466904	80.69333054817946	104.04154018564327	93.93934145932258	125.22631058382883	79.30311381337265
pegRNA_11	p.G333C	74.20542207786121	41.0545015069685	59.90270495537037	58.434708466822705	45.59522077667614	36.291255473916294
pegRNA_12	p.G333C	292.27849920463706	202.44116260332743	258.52746349159844	217.46587707906173	229.9026625077473	249.33436631153606
pegRNA_13	p.G333C	78.74861118466904	117.50081465787535	105.61792715815302	67.31086671494768	80.2732760152749	67.20602865540056
pegRNA_14	p.G333C	163.55480784508185	92.01871027423974	156.0623102784649	179.74220452453062	229.9026625077473	137.10029845701712
pegRNA_15	p.G333C	31.802323747654807	39.63882904121096	42.56244825776316	50.29823007270815	54.58582769038693	45.02803919911837
pegRNA_16	p.G186C	307.42246289399645	328.436012055748	332.6176511995565	301.04970058223853	271.6447660356902	281.5932600661283
pegRNA_17	p.G186C	208.98669891316015	175.54338575393427	152.90953633344543	205.6309994148951	194.58242106102634	219.0916534166058
pegRNA_18	p.G186C	419.48779419525624	368.07484109695895	331.0412642270468	397.20808160359235	341.64306272101	335.35808299044874
pegRNA_19	p.G186C	93.89257487402848	128.82619438393561	127.68734477328947	133.14237372187452	173.39027619299378	145.8370821822192
pegRNA_20	p.G186C	48.46068380595018	53.79555369878631	40.98606128525341	62.872787590885196	89.90606913710789	77.95899324026465
pegRNA_21	p.G364C	3.0287927378718864	1.4156724657575344	1.5763869725097466	2.958719416041656	8.990606913710788	4.032361719324033
pegRNA_22	p.G364C	128.72369135955518	83.52467547969452	124.53457082826998	88.02190262723927	73.2092277259307	80.64723438648066
pegRNA_23	p.G364C	7.571981844679716	16.98806958909041	9.458321835058479	27.36815459838532	19.265586243665975	8.064723438648066
pegRNA_24	p.G364C	27.259134640846977	21.235086986363015	23.6458045876462	26.628474744374905	44.953034568553946	23.52211002939019
pegRNA_25	p.G364C	15.143963689359431	16.98806958909041	28.37496550517544	32.54591357645822	32.75149661423216	32.258893754592265
pegRNA_26	p.G430C	19.68715279616726	28.313449315150688	47.2916091752924	19.971356058281177	27.614006949254566	42.339798052902346
pegRNA_27	p.G430C	71.17662933998933	97.68140013726988	96.15960532309454	56.95534875880188	86.0529518883747	119.62673100661299
pegRNA_28	p.G430C	1.5143963689359432	4.247017397272603	1.5763869725097466	1.479359708020828	4.495303456855394	2.0161808596620165
pegRNA_29	p.G430C	330.13840842803563	215.18221479514523	367.2981645947709	377.2367255453112	464.30062847235	335.35808299044874
pegRNA_30	p.G430C	227.15945534039147	176.9590582196918	225.42333706889377	177.52316496249938	272.28695224381244	180.11215679647347
pegRNA_31	p.R272C	24.23034190297509	22.65075945212055	25.222191560155945	5.177758978072898	17.33902761929938	12.0970851579721
pegRNA_32	p.R272C	43.91749469914235	41.0545015069685	88.2776704605458	54.73630919677064	61.00768977160892	59.141305216752485
pegRNA_33	p.R272C	21.201549165103206	14.156724657575344	34.680513395214426	36.24431284651029	36.60461386296535	33.60301432770028
pegRNA_34	p.R272C	80.263007553605	70.78362328787672	86.70128348803607	114.65037737161417	99.53886225894087	112.23406785451893
pegRNA_35	p.R272C	131.75248409742707	125.99484945242055	133.99289266332846	96.89806087536424	145.77626924373922	156.5900467670833
pegRNA_36	p.G480W	760.2269772058435	845.1564620572481	693.6102679042885	728.5846562002578	753.9266083354619	692.8941554371797
pegRNA_37	p.G480W	372.541506758242	445.9368267136233	327.8884902820273	330.63689474265504	389.1648421220527	361.56843416605494
pegRNA_38	p.G480W	239.27462629187903	219.42923219241783	208.08308037128654	217.46587707906173	179.16995206609357	288.98592321822235
pegRNA_39	p.G480W	360.4263358067545	444.5211542478658	364.14539064975145	376.49704569130074	431.54913185811785	477.16280345334394
pegRNA_40	p.G480W	89.34938576722065	59.458243561816445	61.47909192788012	79.1457443791143	77.0623449746639	106.18552527553287
pegRNA_41	p.R320L	130.2380877284911	130.24186684969317	157.63869725097464	157.55180890421818	161.8309244467942	140.46059988978715
pegRNA_42	p.R320L	71.17662933998933	48.13286383575617	69.36102679042885	58.434708466822705	44.953034568553946	47.71628034533439
pegRNA_43	p.R320L	77.2342148157331	48.13286383575617	102.46515321313353	61.393427882864366	67.42955185283091	80.64723438648066
pegRNA_44	p.R320L	187.78514974805697	155.72397123332877	234.88165890395223	312.8845782464051	170.821531360505	219.0916534166058
pegRNA_45	p.R320L	53.00387291275801	75.03064068514932	85.12489651552632	105.0345392694788	105.96072434016287	101.48110326965484
pegRNA_46	p.R320Q	155.98282600040216	133.07321178120824	174.97895394858188	183.44060379458267	278.0666281169122	181.4562773695815
pegRNA_47	p.R320Q	33.31672011659075	72.19929575363425	28.37496550517544	58.434708466822705	71.28266910156411	42.339798052902346
pegRNA_48	p.R320Q	65.11904386424555	46.71719136999863	56.74993101035088	56.215668904791464	50.73271044165374	80.64723438648066
pegRNA_49	p.R320Q	154.4684296314662	147.22993643878357	214.38862826132552	217.46587707906173	195.22460726914855	179.44009650991947
pegRNA_50	p.R320Q	62.09025112637367	76.44631315090686	78.81934862548732	114.65037737161417	96.32793121832988	86.6957769654667
pegRNA_51	p.R362Q	37.85990922339858	26.897776849393153	22.06941761513645	16.27295678822911	26.329634533010164	18.145627736958147
pegRNA_52	p.R362Q	9.08637821361566	7.078362328787672	17.340256697607213	26.628474744374905	14.770282786810581	13.44120573108011
pegRNA_53	p.R362Q	49.97508017488612	56.626898630301376	59.90270495537037	138.32013269994744	74.4936001421751	53.092762637766434
pegRNA_54	p.R362Q	19.68715279616726	43.88584643848357	34.680513395214426	50.29823007270815	39.81554490357635	30.914773181484254
pegRNA_55	p.R362Q	12.115170951487546	9.90970726030274	6.305547890038986	27.36815459838532	7.70623449746639	12.0970851579721
pegRNA_56	p.G462V	86.32059302934876	77.86198561666438	99.31237926811403	78.40606452510389	148.345014076228	100.13698269654682
pegRNA_57	p.G462V	72.69102570892528	48.13286383575617	96.15960532309454	83.58382350317679	102.74979329955187	85.3516563923587
pegRNA_58	p.G462V	230.18824807826337	236.41730178150823	193.89559761869882	199.7135605828118	192.65586243665976	270.8402954812642
pegRNA_59	p.G462V	148.41084415572243	157.13964369908632	146.60398844340642	143.49789167802032	165.0418554874052	223.79607542248382
pegRNA_60	p.G462V	45.43189106807829	15.572397123332879	26.79857853266569	28.847514306406147	41.742103527942945	49.73246120499641
pegRNA_61	p.C297F	102.97895308764414	158.55531616484384	116.65263596572125	122.04717591171831	141.28096578688383	114.92230900073494
pegRNA_62	p.C297F	39.37430559233452	35.39181164393836	44.1388352302729	44.380791240624845	32.75149661423216	51.748642064658426
pegRNA_63	p.C297F	40.88870196127046	39.63882904121096	23.6458045876462	56.215668904791464	35.962427654843154	54.43688321087445
pegRNA_64	p.C297F	80.263007553605	84.94034794545206	70.93741376293859	111.69165795557252	122.65756575134004	88.71195782512874
pegRNA_65	p.C297F	713.2806897688292	688.0168183581617	680.9991721242105	711.5720195580183	644.754952954688	588.7248110213088
pegRNA_66	p.G332C	53.00387291275801	59.458243561816445	88.2776704605458	55.47598905078105	67.42955185283091	59.81336550330649
pegRNA_67	p.G332C	283.1921209910214	336.9300468502932	337.3468121170858	292.91322218812394	287.057235030623	297.72270694342444
pegRNA_68	p.G332C	367.9983176514342	308.6165975351425	293.20797688681284	263.32602802770737	270.36039361944586	288.3138629316684
pegRNA_69	p.G332C	99.95016034977225	60.873916027573976	107.19431413066276	32.54591357645822	106.60291054828507	55.781003783982456
pegRNA_70	p.G332C	22.715945534039147	35.39181164393836	28.37496550517544	47.3395106566665	52.65926906602033	46.37215977222638
pegRNA_71	p.P278S	16.658360058295376	15.572397123332879	17.340256697607213	11.095197810156211	23.760889700521368	36.9633157604703
pegRNA_72	p.P278S	16.658360058295376	8.494034794545206	4.7291609175292395	11.095197810156211	7.70623449746639	22.177989456282184
pegRNA_73	p.P278S	65.11904386424555	41.0545015069685	45.71522220278265	68.0505465689581	50.09052423353154	55.781003783982456
pegRNA_74	p.P278S	65.11904386424555	90.6030378084822	89.85405743305556	112.43133780958293	77.7045311827861	84.67959610580469
pegRNA_75	p.P278S	517.9235581760926	455.84653397392606	554.8882143234308	343.2114522608321	455.95220776676143	415.3332570903754
pegRNA_76	p.R413C	328.6240120590997	274.6404583569617	337.3468121170858	267.0244272977595	309.5337523149	349.4713490080829
pegRNA_77	p.R413C	216.55868075783988	233.58595684999318	326.31210330951757	272.2021862758324	258.15885566512407	254.0387883174141
pegRNA_78	p.R413C	49.97508017488612	29.729121780908223	45.71522220278265	110.9519781015621	78.3467173909083	56.45306407053646
pegRNA_79	p.R413C	292.27849920463706	226.5075945212055	362.5690036772417	446.7666318222901	349.34929721847635	348.79928872152885
pegRNA_80	p.R413C	109.03653856338791	106.17543493181508	170.24979303105263	141.27885211598908	146.4184554518614	156.5900467670833
pegRNA_81	p.R413L	272.5913464084698	277.47180328847674	305.81907266689086	301.04970058223853	315.955614396122	288.98592321822235
pegRNA_82	p.R413L	334.68159753484343	236.41730178150823	258.52746349159844	204.15163970687428	236.9667107970915	190.19306109478356
pegRNA_83	p.R413L	42.40309833020641	19.81941452060548	22.06941761513645	48.07919051067691	45.59522077667614	31.586833468038257
pegRNA_84	p.R413L	96.92136761190037	128.82619438393561	167.09701908603313	131.66301401385368	130.36380024880643	139.78853960323315
pegRNA_85	p.R413L	151.43963689359433	158.55531616484384	173.40256697607214	241.13563240739498	216.41675213718113	231.18873857457788
pegRNA_86	p.L237V	165.06920421401782	97.68140013726988	141.87482752587718	139.05981255395784	159.9043658224276	166.67095106539335
pegRNA_87	p.L237V	87.8349893982847	77.86198561666438	118.229022938231	98.37742058338506	127.79505541631764	104.84140470242485
pegRNA_88	p.L237V	348.31116485526695	271.8091134254466	480.7980266154727	328.4178551806238	527.8770630764477	432.13476425422556
pegRNA_89	p.L237V	15.143963689359431	11.325379726060275	26.79857853266569	7.3967985401041405	10.274979329955187	14.113266017634116
pegRNA_90	p.L237V	90.86378213615659	41.0545015069685	77.24296165297758	90.24094218927051	71.28266910156411	58.46924493019848
pegRNA_91	p.H311R	1049.4766836726087	1023.5311927426974	975.7835359835332	1020.0185186803609	1000.5261122543864	1054.4625896032346
pegRNA_92	p.H311R	258.9617790880463	176.9590582196918	269.56217229916666	182.70092394057227	253.66355220826867	211.02692997795774
pegRNA_93	p.H311R	239.27462629187903	152.89262630181372	208.08308037128654	144.23757153203073	168.25278652801617	217.0754725569438
pegRNA_94	p.H311R	68.14783660211745	62.289588493331514	78.81934862548732	56.95534875880188	59.081131147242324	75.94281238060262
pegRNA_95	p.H311R	6.057585475743773	28.313449315150688	20.493030642626707	5.917438832083312	26.329634533010164	24.1941703159442
pegRNA_96	p.G603V	98.43576398083631	130.24186684969317	104.04154018564327	98.37742058338506	149.6293864924724	140.46059988978715
pegRNA_97	p.G603V	39.37430559233452	29.729121780908223	56.74993101035088	30.326874014426974	48.16396560916494	54.43688321087445
pegRNA_98	p.G603V	27.259134640846977	29.729121780908223	20.493030642626707	20.711035912291592	38.53117248733195	38.97949662013232
pegRNA_99	p.G603V	174.15558242763348	198.1941452060548	275.86772018920567	219.68491664109297	299.2587729849448	245.302004592212
pegRNA_100	p.G603V	60.575854757437725	65.12093342484658	58.32631798286062	21.450715766302007	42.38428973606514	58.46924493019848
pegRNA_101	p.E192K	236.24583355400713	268.97776849393153	255.37468954657894	243.35467196942622	240.17764183770248	319.90069639970665
pegRNA_102	p.E192K	160.52601510721	168.4650234251466	154.48592330595517	159.77084846624942	166.96841411177178	168.01507163850138
pegRNA_103	p.E192K	316.5088411076121	287.3815105487795	239.61081982148147	241.13563240739498	233.1135935483583	288.3138629316684
pegRNA_104	p.E192K	122.6661058838114	83.52467547969452	121.38179688325049	153.1137297801557	120.73100712697345	164.65477020573135
pegRNA_105	p.E192K	128.72369135955518	90.6030378084822	113.49986202070176	111.69165795557252	121.37319333509565	139.11647931667915
pegRNA_106	p.L281M	59.061458388501784	55.21122616454384	69.36102679042885	57.695028612812294	53.94364148226473	61.1574860764145
pegRNA_107	p.L281M	166.58360058295375	179.79040315120687	146.60398844340642	142.0185319699995	137.4278485381506	178.76803622336547
pegRNA_108	p.L281M	18.17275642723132	9.90970726030274	7.881934862548733	34.02527328447905	14.770282786810581	14.113266017634116
pegRNA_109	p.L281M	177.18437516550534	218.0135597266603	197.04837156371832	186.39932321062435	163.1152968630386	148.5253233284352
pegRNA_110	p.L281M	65.11904386424555	79.27765808242192	58.32631798286062	87.28222277322885	71.28266910156411	51.748642064658426
pegRNA_111	p.W252C	87.8349893982847	116.08514219211781	100.88876624062378	147.1962909480724	89.90606913710789	110.88994728141091
pegRNA_112	p.W252C	145.38205141785056	142.98291904151097	130.84011871830896	175.30412540046814	155.4090623655722	145.8370821822192
pegRNA_113	p.W252C	339.2247866416513	264.73075109665893	261.6802374366179	332.8559343046863	255.59011083263528	234.5490400073479
pegRNA_114	p.W252C	951.0409196917724	989.5550535645165	833.908708457656	843.235033571872	690.9923599394863	699.6147583027198
pegRNA_115	p.W252C	13.629567320423488	15.572397123332879	4.7291609175292395	18.49199635026035	12.201537954321784	5.376482292432044
pegRNA_116	p.V568F	143.8676550489146	133.07321178120824	133.99289266332846	139.79949240796824	145.77626924373922	141.80472046289518
pegRNA_117	p.V568F	31.802323747654807	56.626898630301376	28.37496550517544	62.13310773687478	43.668662152309544	34.94713490080829
pegRNA_118	p.V568F	15.143963689359431	18.403742054847946	15.763869725097466	23.66975532833325	16.054655203054978	31.586833468038257
pegRNA_119	p.V568F	90.86378213615659	106.17543493181508	80.39573559799707	93.19966160531217	98.25448984269647	92.74431954445276
pegRNA_120	p.V568F	155.98282600040216	179.79040315120687	165.5206321135234	254.44986977958243	198.43553830975955	217.0754725569438
pegRNA_121	p.R71L	65.11904386424555	110.42245232908768	70.93741376293859	82.10446379515595	59.72331735536452	79.97517409992666
pegRNA_122	p.R71L	1668.8647985674095	1684.650234251466	1611.067485904961	1204.1988023289541	1098.7806020970827	1060.5111321822208
pegRNA_123	p.R71L	157.4972223693381	167.04935095938905	173.40256697607214	173.8247656924473	131.64817266505082	130.37969559147706
pegRNA_124	p.R71L	1730.9550496937832	1834.7115156217644	1789.1992137985624	1072.5357883151003	1135.385215960048	1205.676154077886
pegRNA_125	p.R71L	620.9025112637368	734.7340097281603	572.228471021038	664.9721887553623	664.020539198354	694.9103362968417
pegRNA_126	p.R234W	527.0099363897083	465.7562412342288	526.5132488182553	510.37909926718567	533.0145527414253	516.1423000734762
pegRNA_127	p.R234W	284.70651735995733	256.23671630211373	255.37468954657894	282.55770423197816	254.30573841639088	222.45195484937582
pegRNA_128	p.R234W	175.6699787965694	165.63367849363152	102.46515321313353	68.7902264229685	127.15286920819544	89.38401811168274
pegRNA_129	p.R234W	134.78127683529894	185.453093014237	115.0762489932115	133.88205357588495	182.38088310670457	163.31064963262335
pegRNA_130	p.R234W	22.715945534039147	18.403742054847946	18.916643670116958	28.847514306406147	32.75149661423216	24.1941703159442
pegRNA_131	p.N414I	349.8255612242029	295.8755453433247	428.77725652265104	479.3125453987483	320.4509178529774	394.49938820720126
pegRNA_132	p.N414I	411.9158123505766	353.9181164393836	455.57583505531676	409.78263912176936	418.0632214875517	420.03767909625344
pegRNA_133	p.N414I	486.1212344284378	486.9913282205918	616.3673062513109	566.5947681719772	425.76945598501806	487.915768038208
pegRNA_134	p.N414I	228.67385170932744	226.5075945212055	241.18720679399124	325.4591357645822	287.69942123874523	264.11969261572415
pegRNA_135	p.N414I	228.67385170932744	249.15835397332606	231.72888495893275	309.18617897635306	176.60120723360478	211.02692997795774
pegRNA_136	p.V369L	25.744738271911036	52.37988123302877	64.63186587289961	15.533276934218694	20.549958659910374	69.89426980161657
pegRNA_137	p.V369L	16.658360058295376	15.572397123332879	14.18748275258772	16.27295678822911	22.476517284276973	30.24271289493025
pegRNA_138	p.V369L	16.658360058295376	9.90970726030274	20.493030642626707	29.587194160416562	20.549958659910374	30.914773181484254
pegRNA_139	p.V369L	10.600774582551603	14.156724657575344	23.6458045876462	20.711035912291592	11.559351746199585	16.80150716385014
pegRNA_140	p.V369L	15.143963689359431	19.81941452060548	25.222191560155945	27.36815459838532	10.917165538077386	23.52211002939019
pegRNA_141	p.H274R	53.00387291275801	55.21122616454384	42.56244825776316	76.18702496307264	57.79675873099792	38.97949662013232
pegRNA_142	p.H274R	30.287927378718862	21.235086986363015	17.340256697607213	25.88879489036449	31.467124197987758	24.1941703159442
pegRNA_143	p.H274R	190.81394248592883	250.57402643908358	271.1385592716764	233.73883386729082	262.0119729138573	299.73888780308647
pegRNA_144	p.H274R	24.23034190297509	15.572397123332879	14.18748275258772	31.06655386843739	26.329634533010164	24.866230602498206
pegRNA_145	p.H274R	40.88870196127046	65.12093342484658	44.1388352302729	33.28559343046863	52.65926906602033	41.66773776634834
pegRNA_146	p.G524C	1889.966668432057	1945.1339679508521	1745.0603785682895	1910.5930629088994	1813.5338517370906	1832.7084014327731
pegRNA_147	p.G524C	6340.777596734794	6837.698009608891	5767.999932413163	4433.641044938422	4610.254788109268	4881.8459215282965
pegRNA_148	p.G524C	7.571981844679716	7.078362328787672	7.881934862548733	26.628474744374905	11.559351746199585	10.752964584864088
pegRNA_149	p.G524C	3913.2002173304772	4326.295055355025	3646.1830674150438	2808.5644056775423	3157.6295853368533	3504.122334092585
pegRNA_150	p.G524C	5074.742232304346	5573.502497687413	5115.375725794128	3642.923281001289	3898.712469509871	4219.866539272601
pegRNA_151	p.G378C	4.54318910680783	2.8313449315150687	1.5763869725097466	5.177758978072898	7.70623449746639	4.704422005878039
pegRNA_152	p.G378C	60.575854757437725	100.51274506878494	83.54850954301656	37.72367255453111	42.38428973606514	80.64723438648066
pegRNA_153	p.G378C	33.31672011659075	16.98806958909041	28.37496550517544	25.149115036354075	25.687448324887967	43.68391862601036
pegRNA_154	p.G378C	48.46068380595018	55.21122616454384	85.12489651552632	120.56781620369749	98.89667605081867	110.21788699485691
pegRNA_155	p.G378C	16.658360058295376	29.729121780908223	14.18748275258772	20.711035912291592	41.742103527942945	18.817688023512154
pegRNA_156	p.C171F	1370.5287138870285	1354.7985497299603	1253.2276431452485	968.240928899632	838.0530015994699	937.5240997428377
pegRNA_157	p.C171F	1750.6422024899503	1654.9211124705578	1532.2481372794737	1343.2586148829118	1066.6712916909728	1246.6718315576802
pegRNA_158	p.C171F	1417.4750013240428	1408.5941034287466	1478.6509802141422	1138.3672953220273	1039.6994709498404	1010.7786709772242
pegRNA_159	p.C171F	375.57029949611393	372.32185849423155	413.0133867975536	303.26874014426977	426.41164219314027	352.1595901542989
pegRNA_160	p.C171F	1.5143963689359432	1.4156724657575344	7.881934862548733	19.231676204270766	8.34842070558859	4.704422005878039
pegRNA_161	p.A510V	109.03653856338791	93.43438273999726	81.97212257050683	119.82813634968707	144.49189682749483	106.18552527553287
pegRNA_162	p.A510V	165.06920421401782	172.7120408224192	138.7220535808577	151.63437007213489	192.65586243665976	188.17688023512153
pegRNA_163	p.A510V	137.81006957317084	86.3560204112096	96.15960532309454	166.42796715234314	207.42614522347034	153.90180562086726
pegRNA_164	p.A510V	63.604647495309614	22.65075945212055	39.40967431274366	46.599830802656086	57.154572522875725	38.97949662013232
pegRNA_165	p.A510V	30.287927378718862	22.65075945212055	28.37496550517544	56.95534875880188	37.24680007108755	64.51778750918453
pegRNA_166	p.G558R	352.85435396207475	447.35249917938086	444.54112624774854	455.64279007041506	515.6755251221259	450.9524522777377
pegRNA_167	p.G558R	328.6240120590997	278.8874757542343	285.32604202426415	323.24009620255094	477.7865388429162	307.80361124173453
pegRNA_168	p.G558R	77.2342148157331	28.313449315150688	59.90270495537037	95.41870116734341	74.4936001421751	56.45306407053646
pegRNA_169	p.G558R	39.37430559233452	41.0545015069685	74.0901877079581	56.95534875880188	23.11870349239917	45.700099485672375
pegRNA_170	p.G558R	77.2342148157331	110.42245232908768	94.5832183505848	153.85340963416613	148.345014076228	144.49296160911118
pegRNA_171	p.S102L	131.75248409742707	110.42245232908768	111.923475048192	190.83740233468683	154.76687615745	134.41205731080112
pegRNA_172	p.S102L	360.4263358067545	420.4547223299877	337.3468121170858	393.50968233354024	435.40224910685106	361.56843416605494
pegRNA_173	p.S102L	72.69102570892528	77.86198561666438	77.24296165297758	97.63774072937466	98.25448984269647	86.6957769654667
pegRNA_174	p.S102L	6.057585475743773	5.662689863030137	3.152773945019493	10.355517956145796	9.632793121832988	12.0970851579721
pegRNA_175	p.S102L	584.5569984092741	669.6130763033137	606.9089844162525	544.4043725516648	433.4756904824844	499.3407929096261
pegRNA_176	p.I416F	59.061458388501784	42.47017397272603	42.56244825776316	17.012636642239524	85.4107656802525	34.27507461425428
pegRNA_177	p.I416F	109.03653856338791	120.33215958939041	81.97212257050683	150.15501036411405	103.39197950767407	94.76050040411478
pegRNA_178	p.I416F	7.571981844679716	0.0	4.7291609175292395	0.0	2.5687448324887967	1.344120573108011
pegRNA_179	p.I416F	25.744738271911036	26.897776849393153	29.951352477685184	26.628474744374905	23.11870349239917	17.473567450404143
pegRNA_180	p.I416F	10.600774582551603	19.81941452060548	31.527739450194932	17.012636642239524	18.623400035543774	10.752964584864088
pegRNA_181	p.M161I	68.14783660211745	75.03064068514932	61.47909192788012	86.54254291921845	84.12639326400809	67.20602865540056
pegRNA_182	p.M161I	131.75248409742707	142.98291904151097	186.0136627561501	159.77084846624942	192.01367622853755	143.14884103600318
pegRNA_183	p.M161I	112.0653313012598	100.51274506878494	100.88876624062378	162.7295678822911	116.87788987824025	121.642911866275
pegRNA_184	p.M161I	77.2342148157331	100.51274506878494	72.51380073544834	143.49789167802032	143.2075244112504	114.25024871418094
pegRNA_185	p.M161I	676.9351769143666	511.0577601384699	584.839566801116	423.83655634796725	368.6148834621423	430.11858339456353
pegRNA_186	p.N238K	106.00774582551603	106.17543493181508	129.26373174579922	120.56781620369749	156.6934347818166	157.2621070536373
pegRNA_187	p.N238K	180.21316790337724	168.4650234251466	201.77753248124756	144.97725138604116	231.1870349239917	229.17255771491588
pegRNA_188	p.N238K	80.263007553605	89.18736534272466	85.12489651552632	79.1457443791143	81.5576484315193	74.59869180749462
pegRNA_189	p.N238K	81.77740392254093	43.88584643848357	64.63186587289961	79.1457443791143	69.35611047719752	49.73246120499641
pegRNA_190	p.N238K	110.55093493232386	110.42245232908768	163.94424514101365	132.40269386786412	166.3262279036496	165.32683049228535
pegRNA_191	p.P278L	12.115170951487546	15.572397123332879	12.611095780077973	21.450715766302007	17.33902761929938	22.177989456282184
pegRNA_192	p.P278L	30.287927378718862	28.313449315150688	44.1388352302729	17.752316496249936	22.476517284276973	34.94713490080829
pegRNA_193	p.P278L	56.0326656506299	76.44631315090686	66.20825284540936	74.70766525505182	55.22801389850913	57.79718464364447
pegRNA_194	p.P278L	49.97508017488612	45.3015189042411	44.1388352302729	63.61246744489561	72.5670415178085	53.76482292432044
pegRNA_195	p.P278L	413.4302087195125	461.5092238369562	441.38835230272906	395.7287218955715	316.5978006042442	469.0980800146958
pegRNA_196	p.P361L	45.43189106807829	35.39181164393836	36.25690036772417	53.99662934276022	41.09991731982075	28.898592321822235
pegRNA_197	p.P361L	13.629567320423488	24.066431917878084	28.37496550517544	19.971356058281177	10.274979329955187	34.94713490080829
pegRNA_198	p.P361L	19.68715279616726	2.8313449315150687	12.611095780077973	11.095197810156211	4.495303456855394	18.817688023512154
pegRNA_199	p.P361L	48.46068380595018	42.47017397272603	28.37496550517544	36.9839927005207	73.8514139340529	52.42070235121243
pegRNA_200	p.P361L	7.571981844679716	9.90970726030274	14.18748275258772	5.917438832083312	15.41246899493278	8.064723438648066
pegRNA_201	p.Q163L	152.95403326253026	191.11578287726715	149.75676238842593	156.81212905020777	193.29804864478194	182.8003979426895
pegRNA_202	p.Q163L	77.2342148157331	89.18736534272466	72.51380073544834	118.34877664166625	100.82323467518528	114.92230900073494
pegRNA_203	p.Q163L	175.6699787965694	182.62174808272192	170.24979303105263	173.8247656924473	179.16995206609357	184.81657880235153
pegRNA_204	p.Q163L	78.74861118466904	77.86198561666438	56.74993101035088	107.99325868552044	90.54825534523009	76.61487266715663
pegRNA_205	p.Q163L	139.32446594210677	154.30829876757124	203.3539194537573	140.53917226197868	177.24339344172697	127.01939415870704
pegRNA_206	p.R240L	110.55093493232386	94.8500552057548	127.68734477328947	88.76158248124969	146.4184554518614	123.65909272593701
pegRNA_207	p.R240L	84.80619666041282	56.626898630301376	94.5832183505848	90.24094218927051	82.1998346396415	60.4854257898605
pegRNA_208	p.R240L	86.32059302934876	52.37988123302877	55.17354403784113	105.0345392694788	91.19044155335229	67.87808894195456
pegRNA_209	p.R240L	1.5143963689359432	0.0	0.0	0.0	0.0	0.0
pegRNA_210	p.R240L	109.03653856338791	87.77169287696714	113.49986202070176	113.17101766359335	114.30914504575145	154.57386590742126
pegRNA_211	p.R71W	104.49334945658008	92.01871027423974	88.2776704605458	96.89806087536424	84.76857947213028	86.6957769654667
pegRNA_212	p.R71W	62.09025112637367	59.458243561816445	56.74993101035088	82.84414364916637	63.57643460409772	39.651556906686324
pegRNA_213	p.R71W	178.6987715344413	140.1515741099959	156.0623102784649	155.33276934218694	96.97011742645208	151.88562476120524
pegRNA_214	p.R71W	1615.8609256546515	1506.2755035660166	1519.6370414993958	844.7143932798929	922.8215810716002	967.094752351214
pegRNA_215	p.R71W	707.2231042930855	662.5347139745261	625.8256280863694	727.8449763462474	675.5798909445535	684.1573717119776
pegRNA_216	p.S224F	321.05203021442	393.55694548059455	324.7357163370078	336.5543335747384	303.111890233678	277.56089834680427
pegRNA_217	p.S224F	424.0309833020641	462.92489630271376	417.7425477150828	358.0050493410404	333.29464201542135	341.4066255694348
pegRNA_218	p.S224F	68.14783660211745	83.52467547969452	66.20825284540936	82.84414364916637	28.256193157376764	40.99567747979434
pegRNA_219	p.S224F	305.9080665250605	233.58595684999318	217.54140220634503	213.02779795499924	198.43553830975955	181.4562773695815
pegRNA_220	p.S224F	136.2956732042349	191.11578287726715	116.65263596572125	176.04380525447854	133.57473128941743	120.970851579721
pegRNA_221	p.S45F	119.63731314593952	135.9045567127233	64.63186587289961	77.66638467109347	68.7139242690753	74.59869180749462
pegRNA_222	p.S45F	89.34938576722065	62.289588493331514	104.04154018564327	114.65037737161417	120.08882091885124	89.38401811168274
pegRNA_223	p.S45F	98.43576398083631	63.705260959089046	99.31237926811403	84.32350335718719	133.57473128941743	80.64723438648066
pegRNA_224	p.S45F	346.796768486331	280.3031482199918	342.075973034615	457.8618296324463	466.8693733048388	415.3332570903754
pegRNA_225	p.S45F	62.09025112637367	72.19929575363425	52.020770092821635	41.422071824583185	65.50299322846432	52.42070235121243
pegRNA_226	p.W252L	99.95016034977225	99.0970726030274	70.93741376293859	156.81212905020777	93.75918638584108	89.38401811168274
pegRNA_227	p.W252L	319.53763384548404	260.48373369938633	247.49275468403022	298.8306610202073	271.00257982756807	255.3829088905221
pegRNA_228	p.W252L	269.5625536705979	280.3031482199918	233.3052719314425	298.8306610202073	297.9744005687004	293.0182849375464
pegRNA_229	p.W252L	878.3498939828471	914.5244128793672	844.9434172652242	705.654580725935	662.0939805739873	701.6309391623818
pegRNA_230	p.W252L	16.658360058295376	11.325379726060275	45.71522220278265	21.450715766302007	16.054655203054978	12.0970851579721
pegRNA_231	p.W403C	826.860417439025	740.3966995911904	736.1727161620516	819.5652782435387	612.0034563404558	717.7603860396779
pegRNA_232	p.W403C	33.31672011659075	24.066431917878084	28.37496550517544	3.6983992700520703	21.834331076154772	10.752964584864088
pegRNA_233	p.W403C	10.600774582551603	11.325379726060275	6.305547890038986	44.380791240624845	20.549958659910374	14.113266017634116
pegRNA_234	p.W403C	18.17275642723132	14.156724657575344	15.763869725097466	38.46335240854153	34.035869030476555	29.570652608376243
pegRNA_235	p.W403C	139.32446594210677	87.77169287696714	160.79147119599415	152.3740499261453	199.71991072600395	145.16502189566518
pegRNA_236	p.W450L	330.13840842803563	352.50244397362604	329.46487725453704	372.05896656723826	344.853993761621	256.0549691770761
pegRNA_237	p.W450L	31.802323747654807	21.235086986363015	31.527739450194932	31.806233722447804	27.614006949254566	26.210351175606213
pegRNA_238	p.W450L	283.1921209910214	397.80396287786715	316.8537814744591	391.290642771509	314.6712419798776	377.6978810433511
pegRNA_239	p.W450L	1035.8471163521851	1074.4954015099686	1053.0264976365106	827.7017566376533	880.4372913355351	848.140081631155
pegRNA_240	p.W450L	446.7469288361032	443.10548178210826	449.27028716527775	477.09350583671704	403.93512490886326	411.30089537105135
pegRNA_241	p.Y300C	78.74861118466904	86.3560204112096	61.47909192788012	102.07581985343714	100.82323467518528	113.57818842762693
pegRNA_242	p.Y300C	31.802323747654807	65.12093342484658	63.055478900389865	82.84414364916637	79.6310898071527	97.4487415503308
pegRNA_243	p.Y300C	658.7624204871353	637.0526095908905	668.3880763441325	640.5627535730185	518.886456162737	643.1616942321833
pegRNA_244	p.Y300C	286.22091372889327	237.83297424726578	266.4093983541472	313.62425810041555	259.4432280813685	284.95356149889835
pegRNA_245	p.Y300C	74.20542207786121	63.705260959089046	66.20825284540936	70.26958613098934	81.5576484315193	71.91045066127859
pegRNA_246	p.Y572C	145.38205141785056	150.06128137029864	115.0762489932115	212.28811810098884	158.6199934061832	204.97838739897168
pegRNA_247	p.Y572C	339.2247866416513	423.28606726150275	346.8051339521443	547.3630919677064	410.9991731982075	359.55225330639297
pegRNA_248	p.Y572C	333.1672011659075	363.82782369968635	279.02049413422515	340.25273284479044	383.3851662489529	303.77124952241047
pegRNA_249	p.Y572C	2601.7329618319504	2467.5171078153826	2285.7611101391326	1931.304098821191	1846.2853483513227	1947.630710433508
pegRNA_250	p.Y572C	151.43963689359433	141.56724657575344	162.3678581685039	198.97388072880136	181.09651069046018	187.50481994856753
pegRNA_251	p.R260L	48.46068380595018	60.873916027573976	61.47909192788012	83.58382350317679	61.00768977160892	70.56633008817057
pegRNA_252	p.R260L	87.8349893982847	90.6030378084822	122.95818385576024	73.9679854010414	145.134083035617	110.88994728141091
pegRNA_253	p.R260L	62.09025112637367	63.705260959089046	59.90270495537037	74.70766525505182	77.7045311827861	79.30311381337265
pegRNA_254	p.R260L	75.71981844679716	48.13286383575617	47.2916091752924	38.46335240854153	39.81554490357635	43.68391862601036
pegRNA_255	p.R260L	4.54318910680783	0.0	1.5763869725097466	2.219039562031242	1.2843724162443984	4.032361719324033
pegRNA_256	p.A184G	204.44350980635232	213.76654232938768	211.23585431630605	163.4692477363015	96.32793121832988	93.41637983100676
pegRNA_257	p.A184G	107.52214219445197	107.59110739757261	100.88876624062378	187.13900306463475	131.64817266505082	131.0517558780311
pegRNA_258	p.A184G	62.09025112637367	79.27765808242192	88.2776704605458	92.45998175130175	85.4107656802525	95.43256069066878
pegRNA_259	p.A184G	383.14228134079366	308.6165975351425	271.1385592716764	264.0657078817178	176.60120723360478	184.1445185157975
pegRNA_260	p.A184G	59.061458388501784	42.47017397272603	58.32631798286062	75.44734510906223	65.50299322846432	85.3516563923587
pegRNA_261	p.R415H	305.9080665250605	353.9181164393836	345.2287469796345	325.4591357645822	362.19302138092036	296.37858637031644
pegRNA_262	p.R415H	393.74305592334525	243.4956641102959	379.90926037484894	438.6301534281755	373.75237312711994	334.01396241734074
pegRNA_263	p.R415H	205.9579061752883	131.6575393154507	154.48592330595517	234.47851372130125	146.4184554518614	191.53718166789156
pegRNA_264	p.R415H	49.97508017488612	69.36795082211918	127.68734477328947	125.00589532775997	123.94193816758444	129.70763530492306
pegRNA_265	p.R415H	42.40309833020641	114.66946972636028	75.66657468046783	80.62510408713513	113.66695883762925	73.9266315209406
pegRNA_266	p.R536C	34.83111648552669	35.39181164393836	34.680513395214426	62.872787590885196	51.374896649775934	45.02803919911837
pegRNA_267	p.R536C	65.11904386424555	70.78362328787672	50.44438312031189	78.40606452510389	81.5576484315193	88.03989753857472
pegRNA_268	p.R536C	146.8964477867865	123.16350452090549	167.09701908603313	161.25020817427026	202.28865555849274	150.54150418809724
pegRNA_269	p.S508R	583.0426020403381	595.9981080839219	483.9508005604922	758.9115302146848	549.7113941526025	655.2587793901554
pegRNA_270	p.S508R	835.9467956526406	748.8907343857356	662.0825284540936	850.6318321119761	686.4970564826309	673.4044071271135
pegRNA_271	p.S508R	437.66055062248756	430.36442959029046	372.0273255123002	569.5534875880188	452.0990905180282	446.24803027185965
pegRNA_272	p.S508R	676.9351769143666	638.468282056648	515.4785400106871	528.1314157634356	519.5286423708592	601.4939564658349
pegRNA_273	p.S508R	251.38979724336656	199.60981767181235	201.77753248124756	527.3917359094252	346.13836617786535	295.7065260837624
pegRNA_274	p.G480R	383.14228134079366	467.17191369998636	324.7357163370078	353.5669702169779	395.5867042032747	436.8391862601036
pegRNA_275	p.G480R	717.8238788756371	774.3728387693712	613.2145323062914	570.2931674420292	628.700297751633	645.1778750918453
pegRNA_276	p.G480R	246.84660813655873	213.76654232938768	242.76359376650097	242.6149921154158	209.35270384783692	280.2491394930203
pegRNA_277	p.G480R	42.40309833020641	32.56046671242329	33.10412642270468	36.24431284651029	39.17335869545415	43.01185833945635
pegRNA_278	p.G480R	387.68547044760146	512.4734326042275	335.770425144576	447.50631167630047	423.8428973606515	493.96431061719403
pegRNA_279	p.H210P	15.143963689359431	24.066431917878084	7.881934862548733	30.326874014426974	14.770282786810581	18.817688023512154
pegRNA_280	p.H210P	16.658360058295376	18.403742054847946	15.763869725097466	19.231676204270766	20.549958659910374	16.80150716385014
pegRNA_281	p.H210P	22.715945534039147	31.144794246665757	18.916643670116958	53.99662934276022	34.67805523859876	29.570652608376243
pegRNA_282	p.H210P	9.08637821361566	1.4156724657575344	0.0	13.314237372187453	5.779675873099793	4.704422005878039
pegRNA_283	p.H210P	18.17275642723132	25.48210438363562	12.611095780077973	61.393427882864366	31.467124197987758	32.93095404114627
pegRNA_284	p.M550K	240.78902266081496	237.83297424726578	293.20797688681284	250.75147050953035	455.95220776676143	300.41094808964044
pegRNA_285	p.M550K	118.12291677700357	66.53660589060412	96.15960532309454	130.18365430583287	158.6199934061832	106.18552527553287
pegRNA_286	p.M550K	121.15170951487545	55.21122616454384	97.73599229560429	168.64700671437438	176.60120723360478	97.4487415503308
pegRNA_287	p.M550K	251.38979724336656	141.56724657575344	302.6662987218713	223.38331591114505	364.11958000528693	232.5328591476859
pegRNA_288	p.M550K	222.61626623358364	165.63367849363152	264.83301138163745	228.56107488921793	346.13836617786535	234.5490400073479
pegRNA_289	p.V465L	71.17662933998933	28.313449315150688	72.51380073544834	66.57118686093726	73.2092277259307	73.9266315209406
pegRNA_290	p.V465L	115.09412403913169	83.52467547969452	107.19431413066276	86.54254291921845	91.83262776147448	92.07225925789875
pegRNA_291	p.V465L	127.20929499061923	110.42245232908768	148.1803754159162	168.64700671437438	183.02306931482676	119.62673100661299
pegRNA_292	p.V465L	65.11904386424555	59.458243561816445	110.34708807568227	76.18702496307264	89.26388292898568	73.9266315209406
pegRNA_293	p.V465L	28.77353100978292	8.494034794545206	14.18748275258772	16.27295678822911	22.476517284276973	18.145627736958147
pegRNA_294	p.Glu79Gln	62.09025112637367	45.3015189042411	44.1388352302729	110.9519781015621	89.26388292898568	61.82954636296851
pegRNA_295	p.Glu79Gln	66.6334402331815	83.52467547969452	89.85405743305556	138.32013269994744	105.31853813204066	88.03989753857472
pegRNA_296	p.Glu79Gln	187.78514974805697	246.32700904181098	189.1664367011696	267.0244272977595	253.66355220826867	241.26964287288797
pegRNA_297	p.Glu79Gln	146.8964477867865	181.2060756169644	113.49986202070176	203.41195985286384	199.07772451788173	188.84894052167556
pegRNA_298	p.Glu79Gln	148.41084415572243	165.63367849363152	159.2150842234844	176.78348510848895	202.93084176661495	175.40773479059544
pegRNA_299	p.Arg34Gly	1359.927939304477	1687.481579182981	1098.7417198392934	1841.802836485931	1630.5107824222637	1872.3599583394594
pegRNA_300	p.Arg34Gly	2204.9611131707334	3002.6412998717306	1954.7198459120857	3111.8331458218117	2972.67995739766	3012.1742043350528
pegRNA_301	p.Arg34Gly	1746.0990133831426	2477.426815075685	1655.2063211352338	2301.144025826398	2394.712370087681	2541.0599434606947
pegRNA_302	p.Arg34Gly	2201.9323204328616	2846.9173286384016	2139.157121695726	2676.161711809678	2872.498908930597	2991.3403354518787
pegRNA_303	p.Arg34Gly	1724.8974642180392	2229.6841335681165	1636.289677465117	2162.08421327244	2200.7721352347767	2420.0890918809737
pegRNA_304	p.Gly31Glu	2545.7002961813205	3397.6139178180824	2624.684309228728	3125.8870630480096	3255.2418889714277	3934.240917487148
pegRNA_305	p.Gly31Glu	3012.134377813591	4064.395649189881	3039.2740829987915	3452.8255585206125	3646.333289717847	4398.634575495966
pegRNA_306	p.Gly31Glu	2730.4566531915057	3693.489463161407	2473.3511598677924	3171.7472139966553	3171.7576819155415	3773.618509000741
pegRNA_307	p.Gly31Glu	3062.109457988477	3635.446892065348	2873.753450885268	2881.0530313705626	2878.920771011819	3344.8440461792857
pegRNA_308	p.Gly31Glu	1888.4522720631212	2508.571609322351	1849.1019187539328	2890.668869472698	2678.5586740776926	2911.365161351952
pegRNA_309	p.Glu82Asp	764.7701663126513	921.6027752081549	651.0478196465253	670.8896275874455	624.2049942947776	822.6017907421027
pegRNA_310	p.Glu82Asp	383.14228134079366	520.9674673987727	318.4301684469688	383.8938442314049	308.8915661067778	398.53174992652526
pegRNA_311	p.Glu82Asp	531.553125496516	607.3234878099822	479.22163964296294	517.0362179532794	498.33649750282655	447.59215084496765
pegRNA_312	p.Glu82Asp	133.266880466363	250.57402643908358	160.79147119599415	184.1802836485931	163.75748307116078	223.79607542248382
pegRNA_313	p.Glu82Asp	90.86378213615659	117.50081465787535	80.39573559799707	101.33613999942672	142.56533820312822	118.28261043350497
pegRNA_314	S45S	89.34938576722065	63.705260959089046	83.54850954301656	83.58382350317679	50.09052423353154	45.02803919911837
pegRNA_315	S45S	65.11904386424555	94.8500552057548	74.0901877079581	45.120471094635256	15.41246899493278	26.210351175606213
pegRNA_316	R71R	1054.0198727794166	1136.7849900033	1125.5402983719591	1028.1549970744754	788.6046635740606	839.4032979059529
pegRNA_317	R71R	145.38205141785056	140.1515741099959	140.29844055336744	191.57708218869723	102.10760709142967	114.25024871418094
pegRNA_318	S102S	169.61239332082565	159.97098863060137	256.9510765190887	127.22493488979121	276.78225570066786	157.9341673401913
pegRNA_319	S102S	1317.5248409742705	1339.2261526066275	1314.7067350731286	1072.5357883151003	944.0137259396328	979.8638977957401
pegRNA_320	V155V	155.98282600040216	152.89262630181372	130.84011871830896	122.04717591171831	136.14347612190622	134.41205731080112
pegRNA_321	V155V	63.604647495309614	72.19929575363425	56.74993101035088	44.380791240624845	46.23740698479834	57.12512435709047
pegRNA_322	Q163Q	248.3610045054947	229.33893945272055	280.5968811067349	230.78011445124918	264.58071774634607	245.97406487876603
pegRNA_323	Q163Q	171.12678968976158	189.7001104115096	149.75676238842593	234.47851372130125	166.3262279036496	147.1812027553272
pegRNA_324	C171C	1064.6206473619682	1139.616334934815	963.1724402034552	855.0699112360386	780.256242868472	716.4162654665698
pegRNA_325	C171C	3.0287927378718864	5.662689863030137	7.881934862548733	5.917438832083312	7.064048289344191	6.04854257898605
pegRNA_326	A184A	551.2402782926833	532.292847124833	595.8742756086842	622.0707572227582	498.97868371094876	622.3278253490091
pegRNA_327	A184A	124.18050225274735	111.83812479484521	91.4304444055653	167.90732686036398	146.4184554518614	165.32683049228535
pegRNA_328	G186G	410.4014159816406	298.70689027483974	286.9024289967739	400.9064808736444	317.8821730204886	346.7831078618668
pegRNA_329	G186G	80.263007553605	82.109003013937	110.34708807568227	167.90732686036398	79.6310898071527	215.05929169728176
pegRNA_330	E192E	110.55093493232386	168.4650234251466	186.0136627561501	162.7295678822911	77.7045311827861	175.40773479059544
pegRNA_331	E192E	136.2956732042349	107.59110739757261	102.46515321313353	132.40269386786412	109.81384158889605	128.36351473181506
pegRNA_332	H210H	230.18824807826337	257.65238876787123	178.13172789360135	335.81465372072796	394.3023317870303	387.7787853416612
pegRNA_333	H210H	24.23034190297509	49.5485363015137	14.18748275258772	14.793597080208281	41.09991731982075	18.145627736958147
pegRNA_334	S224S	69.66223297105338	104.75976246605754	127.68734477328947	49.55855021869774	75.13578635029731	75.27075209404862
pegRNA_335	S224S	445.2325324671673	440.2741368505932	422.4717086326121	420.1381570779152	357.0555317159427	375.6817001836891
pegRNA_336	R234R	165.06920421401782	184.03742054847947	159.2150842234844	184.9199635026035	171.46371756862717	166.67095106539335
pegRNA_337	R234R	290.7641028357011	328.436012055748	264.83301138163745	349.86857094692584	280.635372949401	278.2329586333583
pegRNA_338	L237L	106.00774582551603	87.77169287696714	108.77070110317251	73.9679854010414	144.49189682749483	98.79286212343881
pegRNA_339	L237L	27.259134640846977	32.56046671242329	52.020770092821635	28.847514306406147	56.51238631475353	39.651556906686324
pegRNA_340	N238N	190.81394248592883	110.42245232908768	167.09701908603313	143.49789167802032	182.38088310670457	159.95034819985332
pegRNA_341	N238N	183.24196064124914	147.22993643878357	247.49275468403022	201.1929202908326	240.17764183770248	202.29014625275565
pegRNA_342	R240R	75.71981844679716	60.873916027573976	89.85405743305556	42.901431532604015	92.47481396959668	82.66341524614268
pegRNA_343	R240R	118.12291677700357	55.21122616454384	124.53457082826998	84.32350335718719	109.17165538077386	96.1046209772228
pegRNA_344	R260R	78.74861118466904	86.3560204112096	77.24296165297758	122.04717591171831	109.17165538077386	96.7766812637768
pegRNA_345	R260R	9.08637821361566	14.156724657575344	7.881934862548733	17.752316496249936	5.137489664977593	8.064723438648066
pegRNA_346	R272R	54.518269281693954	56.626898630301376	81.97212257050683	52.5172696347394	41.742103527942945	86.0237166789127
pegRNA_347	R272R	24.23034190297509	14.156724657575344	17.340256697607213	21.450715766302007	37.88898627920975	24.1941703159442
pegRNA_348	H274H	18.17275642723132	42.47017397272603	42.56244825776316	48.81887036468733	48.16396560916494	53.76482292432044
pegRNA_349	H274H	159.01161873827402	113.25379726060275	193.89559761869882	161.25020817427026	217.05893834530332	212.37105055106574
pegRNA_350	P278P	16.658360058295376	12.74105219181781	9.458321835058479	28.847514306406147	19.907772451788176	16.80150716385014
pegRNA_351	P278P	196.87152796167263	141.56724657575344	245.91636771152048	257.4085891956241	262.6541591219795	210.35486969140374
pegRNA_352	L281L	124.18050225274735	100.51274506878494	78.81934862548732	90.98062204328093	107.88728296452946	89.38401811168274
pegRNA_353	L281L	59.061458388501784	70.78362328787672	74.0901877079581	85.06318321119761	69.35611047719752	82.66341524614268
pegRNA_354	C297C	19.68715279616726	29.729121780908223	20.493030642626707	47.3395106566665	23.11870349239917	17.473567450404143
pegRNA_355	C297C	149.92524052465836	154.30829876757124	143.45121449838695	168.64700671437438	131.00598645692864	190.86512138133756
pegRNA_356	Y300Y	178.6987715344413	184.03742054847947	171.82618000356237	275.90058554588444	270.36039361944586	190.19306109478356
pegRNA_357	Y300Y	127.20929499061923	66.53660589060412	75.66657468046783	103.55517956145796	46.87959319292054	56.45306407053646
pegRNA_358	H311H	210.50109528209612	174.12771328817672	160.79147119599415	129.44397445182244	159.2621796143054	160.62240848640732
pegRNA_359	H311H	210.50109528209612	148.64560890454112	230.152497986423	142.0185319699995	240.8198280458247	185.48863908890553
pegRNA_360	R320R	127.20929499061923	158.55531616484384	137.14566660834797	163.4692477363015	187.51837277168215	156.5900467670833
pegRNA_361	R320R	33.31672011659075	67.95227835636165	80.39573559799707	57.695028612812294	64.21862081221991	56.45306407053646
pegRNA_362	G332G	74.20542207786121	48.13286383575617	55.17354403784113	27.36815459838532	39.17335869545415	50.40452149155041
pegRNA_363	G332G	225.64505897145554	233.58595684999318	181.28450183862086	277.37994525390525	223.48080042652532	273.52853662748026
pegRNA_364	G333G	239.27462629187903	189.7001104115096	173.40256697607214	217.46587707906173	164.399669279283	190.19306109478356
pegRNA_365	G333G	45.43189106807829	45.3015189042411	50.44438312031189	34.02527328447905	46.87959319292054	49.73246120499641
pegRNA_366	P361P	33.31672011659075	28.313449315150688	42.56244825776316	47.3395106566665	43.668662152309544	38.307436333578316
pegRNA_367	P361P	1.5143963689359432	4.247017397272603	4.7291609175292395	12.574557518177038	1.9265586243665975	2.0161808596620165
pegRNA_368	R362R	36.34551285446264	25.48210438363562	26.79857853266569	48.81887036468733	28.89837936549896	43.68391862601036
pegRNA_369	R362R	0.0	1.4156724657575344	1.5763869725097466	0.0	0.6421862081221992	1.344120573108011
pegRNA_370	G364G	1.5143963689359432	4.247017397272603	6.305547890038986	9.615838102135383	5.779675873099793	4.704422005878039
pegRNA_371	G364G	10.600774582551603	7.078362328787672	29.951352477685184	30.326874014426974	34.035869030476555	11.425024871418094
pegRNA_372	V369V	0.0	9.90970726030274	7.881934862548733	0.739679854010414	3.853117248733195	2.688241146216022
pegRNA_373	V369V	21.201549165103206	24.066431917878084	20.493030642626707	54.73630919677064	22.476517284276973	42.339798052902346
pegRNA_374	G378G	13.629567320423488	4.247017397272603	11.034708807568226	8.876158248124968	17.981213827421577	9.408844011756077
pegRNA_375	G378G	93.89257487402848	58.04257109605891	99.31237926811403	65.09182715291644	61.00768977160892	53.092762637766434
pegRNA_376	R413R	155.98282600040216	174.12771328817672	222.27056312387427	180.48188437854103	163.75748307116078	203.63426682586368
pegRNA_377	R413R	102.97895308764414	80.69333054817946	124.53457082826998	149.41533051010364	122.65756575134004	123.65909272593701
pegRNA_378	N414N	86.32059302934876	56.626898630301376	86.70128348803607	88.76158248124969	55.87020010663133	74.59869180749462
pegRNA_379	N414N	268.04815730166194	157.13964369908632	181.28450183862086	252.9705100715616	242.1042004620691	182.1283376561355
pegRNA_380	R415R	319.53763384548404	250.57402643908358	253.7983025740692	269.2434668597907	287.69942123874523	226.48431656869985
pegRNA_381	R415R	101.4645567187082	94.8500552057548	102.46515321313353	105.7742191234892	119.44663471072904	81.31929467303466
pegRNA_382	I416I	0.0	0.0	0.0	0.0	0.0	0.0
pegRNA_383	I416I	104.49334945658008	94.8500552057548	133.99289266332846	96.15838102135382	78.9889035990305	115.59436928728894
pegRNA_384	G430G	42.40309833020641	22.65075945212055	53.59715706533138	39.942712116562355	70.64048289344191	81.31929467303466
pegRNA_385	G430G	80.263007553605	84.94034794545206	78.81934862548732	68.0505465689581	109.81384158889605	92.74431954445276
pegRNA_386	G462G	284.70651735995733	199.60981767181235	247.49275468403022	205.6309994148951	199.07772451788173	213.04311083761974
pegRNA_387	G462G	248.3610045054947	256.23671630211373	192.31921064618908	243.35467196942622	208.06833143159253	227.15637685525385
pegRNA_388	V465V	77.2342148157331	39.63882904121096	63.055478900389865	66.57118686093726	75.7779725584195	89.38401811168274
pegRNA_389	V465V	54.518269281693954	42.47017397272603	80.39573559799707	71.74894583901016	89.90606913710789	83.33547553269668
pegRNA_390	G480G	516.4091618071566	615.8175226045274	556.4646012959405	511.85845897520653	578.6097735181014	546.3850129684065
pegRNA_391	G480G	207.47230254422422	176.9590582196918	223.846950096384	241.13563240739498	170.821531360505	227.15637685525385
pegRNA_392	S508S	95.40697124296442	127.41052191817809	100.88876624062378	63.61246744489561	88.62169672086348	138.44441903012515
pegRNA_393	S508S	139.32446594210677	104.75976246605754	143.45121449838695	143.49789167802032	135.50128991378403	170.7033127847174
pegRNA_394	A510A	127.20929499061923	82.109003013937	104.04154018564327	110.9519781015621	113.02477262950705	115.59436928728894
pegRNA_395	A510A	25.744738271911036	14.156724657575344	31.527739450194932	49.55855021869774	30.82493798986556	28.898592321822235
pegRNA_396	G524G	2100.467763714153	2276.401324938115	1943.6851371045175	2516.3908633434285	2119.2144868032574	2123.0384452241033
pegRNA_397	G524G	6374.094316851385	6476.70153084072	6047.020426547388	4466.92663836889	4814.470002292127	5297.179178618671
pegRNA_398	R536R	43.91749469914235	36.80748410969589	34.680513395214426	58.434708466822705	52.01708285789813	49.73246120499641
pegRNA_399	R536R	165.06920421401782	205.27250753484248	138.7220535808577	203.41195985286384	205.49958659910374	202.96220653930968
pegRNA_400	G558G	68.14783660211745	43.88584643848357	48.867996147802145	56.215668904791464	44.31084836043174	62.501606649522515
pegRNA_401	G558G	322.5664265833559	382.2315657545343	305.81907266689086	437.8904735741651	356.41334550782057	383.74642362233715
pegRNA_402	V568V	110.55093493232386	87.77169287696714	91.4304444055653	115.39005722562459	100.82323467518528	106.18552527553287
pegRNA_403	V568V	1326.6112191878863	1434.0762078123823	1182.29022938231	1155.3799319642667	1175.2007608636245	1141.8304268552554
pegRNA_404	Y572Y	775.3709408952029	818.2586852078549	791.3462601998928	622.0707572227582	547.1426493201137	576.6277258633368
pegRNA_405	Y572Y	165.06920421401782	206.68818000060003	174.97895394858188	269.98314671380115	178.52776585797136	221.77989456282182
pegRNA_406	R601R	231.7026444471993	236.41730178150823	275.86772018920567	201.1929202908326	324.94622130983277	277.56089834680427
pegRNA_407	R601R	208.98669891316015	158.55531616484384	217.54140220634503	144.23757153203073	218.98549696966992	193.5533625275536
pegRNA_408	G603G	210.50109528209612	164.218006027874	219.11778917885476	198.97388072880136	218.3433107615477	209.6828094048497
pegRNA_409	G603G	145.38205141785056	195.36280027453975	234.88165890395223	195.2754814587493	217.70112455342553	209.6828094048497
pegRNA_410	safe-target-1	3001.5336032310393	3457.0721613798987	2854.836807215151	2344.045457359002	2599.569770478662	3117.0156090374776
pegRNA_411	safe-target-2	804.1444719049858	860.7288591805809	729.8671682720127	984.513885687861	791.8155946146716	858.893046216019
pegRNA_412	safe-target-3	1733.983842431655	1930.9772432932768	1557.4703288396297	1963.1103325436388	1727.4808998487158	1873.0320186260133
pegRNA_413	safe-target-4	3162.0596183382495	3498.1266628868675	2950.9964125382457	2211.642763491138	2348.4749631028826	2454.3641664952283
pegRNA_414	safe-target-5	1977.8016578303418	2300.4677568559932	1875.9004972865985	1625.0766392608796	1549.5953201988666	1686.8713192505538
pegRNA_415	safe-target-6	3596.691376222865	4690.122879054711	3127.5517534593373	3945.4523412915482	3909.629635047949	4418.124323806032
pegRNA_416	safe-target-7	4028.294341369609	4636.327325355925	3814.856473473587	4121.496146546027	3772.84397271792	4020.936694452615
pegRNA_417	safe-target-8	3929.8585773887726	4813.286383575617	3201.6419411672955	3713.932546986289	3793.3939313778305	4301.857894232189
pegRNA_418	safe-target-9	265.0193645637901	242.07999164453838	182.8608888111306	103.55517956145796	157.3356209899388	111.56200756796491
pegRNA_419	safe-target-10	611.816133050121	995.2177434275467	599.0270495537037	2709.4473052401468	2199.4877628185322	2051.127994562825
pegRNA_420	safe-target-11	460.37649615652674	454.4308615081685	409.86061285253413	388.3319233554674	425.12726977689584	406.5964733651733
pegRNA_421	safe-target-12	77.2342148157331	55.21122616454384	78.81934862548732	34.02527328447905	29.540565573621162	61.82954636296851
pegRNA_422	safe-target-13	110.55093493232386	84.94034794545206	86.70128348803607	59.174388320833124	15.41246899493278	84.00753581925069
pegRNA_423	safe-target-14	4299.371291409143	5470.158407687113	3729.7315769580605	4155.521419830506	4395.764594596453	4977.950542505519
pegRNA_424	safe-target-15	430.0885687778079	655.4563516457384	316.8537814744591	2738.294819546553	2394.712370087681	2028.2779448199885
pegRNA_425	safe-target-16	9917.781820161492	12637.708101817509	8624.413126600824	8622.448058199396	8937.947644644768	10823.530914952258
pegRNA_426	safe-target-17	8580.569826391054	10818.568983319077	7353.845226757968	6821.327613684039	7995.2182911213795	9738.825612454093
pegRNA_427	safe-target-18	9360.483956393065	11161.161720032402	7557.199146211725	7797.705020977784	8539.150009400882	9937.083396987526
pegRNA_428	safe-target-19	6268.086571025869	7709.752248515532	6348.110338296749	5761.366382887115	5843.25230770389	7191.717126414413
pegRNA_429	safe-target-20	5011.137584809036	7297.791560980089	4710.244273859123	5523.189469895761	5845.821052536379	7028.40647678179
pegRNA_430	safe-target-21	3911.685820961541	4592.441478917442	3067.6490485039667	3676.2088744317575	4032.9293870074107	4678.2116547024325
pegRNA_431	safe-target-22	3351.3591644552425	4136.594944943516	3055.037952723889	3118.4902645079055	3093.4109645246335	3635.174089970616
pegRNA_432	safe-target-23	4317.544047836374	5467.327062755598	3799.092603748489	4236.886203771652	4026.507524926189	4547.831959110956
pegRNA_433	safe-target-24	42.40309833020641	14.156724657575344	25.222191560155945	41.422071824583185	30.182751781743363	4.704422005878039
pegRNA_434	safe-target-25	743.5686171475481	781.451201098159	603.756210471233	1099.9039429134857	1041.626029574207	1112.259774246879
pegRNA_435	safe-target-26	386.1710740786655	457.2622064396836	340.49958606210527	898.711022622653	885.5747810005126	895.8563619764893
pegRNA_436	safe-target-27	4049.495890534712	4436.717507684113	3463.322178603913	3117.750584653895	3203.8669923216517	3778.994991293173
pegRNA_437	safe-target-28	237.7602299229431	253.40537137059866	204.93030642626707	274.42122583786363	197.15116589351516	211.69899026451174
pegRNA_438	safe-target-29	351.3399575931388	319.94197726120274	296.3607508318324	180.48188437854103	167.610600319894	246.64612516532003
pegRNA_439	safe-target-30	1.5143963689359432	16.98806958909041	0.0	12.574557518177038	0.0	3.3603014327700276
pegRNA_440	safe-target-31	4615.880132516755	6179.410313031637	4431.223779724897	4432.901365084411	4617.961022606734	5068.678681190309
pegRNA_441	safe-target-32	5500.2876119753455	6442.725391662539	4672.410986518888	4640.751404061338	4738.692029733707	5814.665599265256
pegRNA_442	safe-target-33	5486.658044654922	7106.675778102823	5399.125380845882	4522.402627419671	4413.103622215753	5146.637674430574
pegRNA_443	safe-target-34	92.37817850509254	93.43438273999726	72.51380073544834	58.434708466822705	71.28266910156411	34.94713490080829
pegRNA_444	safe-target-35	3016.677566920399	3983.702318641702	2916.315899143031	2328.5121804247833	2462.1419219405116	3022.9271689199168
pegRNA_445	safe-target-36	2966.702486745513	3886.020918504432	3050.3087918063597	2568.908132978168	2734.4288741843243	3055.1860626745092
pegRNA_446	safe-target-37	10944.542558300062	12886.866455790836	10301.688865351194	8402.023461704293	8484.564181710495	9016.360804408538
pegRNA_447	safe-target-38	8448.817342293627	9695.940717973353	7085.859441431311	7330.967033097213	7418.535076227645	8465.943429720808
pegRNA_448	safe-target-39	10591.688204337986	12470.65875085812	9163.537471199157	7542.515471344192	8130.077394827042	9033.834371858942
pegRNA_449	safe-target-40	9246.90422872287	10977.124299483921	8151.497034847899	7109.063076894089	7128.909096364533	8275.078308339469
pegRNA_450	safe-target-41	2101.982160083089	2593.511957267803	2000.4350681148685	1966.8087318136909	1689.591913569506	2237.960754224838
pegRNA_451	safe-target-42	534.5819182343879	669.6130763033137	422.4717086326121	693.8197030617683	550.3535803607247	760.7722443791342
pegRNA_452	safe-target-43	628.4744931084165	649.7936617827082	532.8187967082944	786.2796848130702	771.9078221628835	832.0106347538589
pegRNA_453	safe-target-44	5633.554492441709	6614.021760019201	4413.883523027291	5495.0816354433655	5851.6007284094785	6957.840146693619
pegRNA_454	safe-target-45	6643.6568705219825	7704.089558652502	6589.297545090741	5645.976325661491	5370.603258525952	6269.650413262318
pegRNA_455	safe-target-46	4149.446050884484	4841.599832890767	3893.675822099074	3546.025220125925	3215.4263440678515	3656.680019140344
pegRNA_456	safe-target-47	2592.6465836183347	3491.0483005580795	2629.413470146257	2683.558510349782	2988.0924263925926	3248.7394252020626
pegRNA_457	safe-target-48	2986.38963954168	3033.7860941183962	2911.586738225502	2216.0808426152003	2426.8216804937906	2434.874418185162
pegRNA_458	safe-target-49	4788.521318575453	4728.346035630165	4420.189070917329	3215.3883253832696	3077.3563093215785	3608.9637387950097
pegRNA_459	safe-target-50	1941.4561449758792	2092.363904389636	1694.6159954479776	1447.5534742983803	1369.7831819246508	1569.2607691036028
pegRNA_460	non-target-1	4597.707376089524	4634.911652890168	4186.883798985887	2976.471732537906	2895.617612422996	2676.8161213446037
pegRNA_461	non-target-2	1578.0010164312528	1211.8156306884493	1467.616271406574	877.260306856351	1130.8899125031928	1088.7376642174888
pegRNA_462	non-target-3	0.0	0.0	1.5763869725097466	1.479359708020828	0.0	0.6720602865540055
pegRNA_463	non-target-4	885.9218758275267	829.5840649339151	762.9712946947174	744.857612988487	709.6157599750301	829.9944538941968
pegRNA_464	non-target-5	3022.7351523961424	2334.443896034174	3606.7733931023004	1696.0859052458793	2641.9540602147276	2315.9197474651032
pegRNA_465	non-target-6	1532.5691253631746	1758.2652024708577	1384.0677618635575	1207.1575217449956	1276.0239955388097	1335.383789382809
pegRNA_466	non-target-7	2427.577379404317	2645.891838500832	2093.4418994929433	1875.0884299163995	1661.9779066202514	1933.5174444158738
pegRNA_467	non-target-8	2153.4716366269113	2712.4284443914357	2430.788711610029	1506.7278626192133	1457.12050622927	1972.496941036006
pegRNA_468	non-target-9	1038.8759090900571	972.5669839754261	1013.616823323767	783.3209653970284	705.1204565181747	781.6061132623084
pegRNA_469	non-target-10	3622.436114494776	4224.3666378204825	3575.2456536521054	2517.130543197439	2586.083860108096	2766.8721997428406
pegRNA_470	non-target-11	2315.512048103057	2316.040153979326	1855.4074666439717	1616.2004810127546	1692.1606584019949	2165.378243277006
pegRNA_471	non-target-12	2105.010952820961	2611.915699322651	2268.420853441525	1648.0067147352024	1674.8216307826954	1810.5304119764908
pegRNA_472	non-target-13	3775.3901477573063	4026.172492614428	3715.544094205473	2682.0791506417613	2611.771308432984	3052.497821528293
pegRNA_473	non-target-14	2556.3010707638723	3002.6412998717306	2580.5454739984552	2325.5534610087416	1837.936927645734	2267.5314068332145
pegRNA_474	non-target-15	2504.81159422005	2889.3875026111277	2188.0251178435283	1895.0597859746808	1787.8464034122026	2094.1398529022813
pegRNA_475	non-target-16	2226.1626623358366	2341.522258362962	2161.2265393108623	1548.1499344437966	1606.10770651362	1815.906894268923
pegRNA_476	non-target-17	1753.6709952278222	1482.2090716481384	1582.6925203997855	1079.9325868552046	1030.0666778280074	1249.3600727038963
pegRNA_477	non-target-18	4138.845276301933	5065.276082480458	4183.731025040867	2762.7042547288966	3289.919944210026	3640.550572263048
pegRNA_478	non-target-19	3087.854196260388	3307.0108800096004	3051.8851787788694	2187.9730081628045	2478.8387633516886	2528.962858302723
pegRNA_479	non-target-20	3760.246184067947	4156.414359464121	3778.5995731058624	2690.955308889886	2492.9668599303773	3036.368374650997
pegRNA_480	non-target-21	4299.371291409143	4779.310244397436	4215.258764491063	2781.196251079157	2678.5586740776926	3098.1979210139652
pegRNA_481	non-target-22	4013.1503776802497	4508.916803437747	3923.6271745767594	2628.8222011530115	2597.0010256461733	3157.339226230718
pegRNA_482	non-target-23	4877.870704342673	5492.809167139233	4658.223503766301	3880.360514138632	2994.5142884738148	3734.6390123806086
pegRNA_483	non-target-24	4882.413893449481	4957.684975082885	4524.230611102973	2767.142333852959	2978.4596332707597	3304.5204289860453
pegRNA_484	non-target-25	3148.430051017826	3287.1914654889947	2895.8228685004046	2260.4616338558253	2090.316107437758	2494.0157234019143
pegRNA_485	non-target-26	1770.3293552861176	1684.650234251466	1693.0396084754677	1171.6528887524958	1282.4458576200318	1330.679367376931
pegRNA_486	non-target-27	3460.3957030186302	3377.794503297477	2935.232542813148	2665.806193853532	2412.6935839151024	2860.2885795738475
pegRNA_487	non-target-28	2453.322117676228	2695.4403748023456	2564.7816042733575	1690.168466413796	1417.3049613256935	1794.4009650991948
pegRNA_488	non-target-29	5067.170250459666	5849.558628510132	4871.035745055117	3780.503733847226	3442.76026174311	4279.007844489353
pegRNA_489	non-target-30	4767.319769410349	5223.831398645302	4413.883523027291	3061.5349157491037	3234.6919303115174	3604.9313770756858
pegRNA_490	non-target-31	6119.675726870147	7096.76607084252	5783.76380213826	3768.6688561830597	3935.3170833728364	4581.434973438656
pegRNA_491	non-target-32	3472.5108739701177	3459.903506311414	3140.162849239415	2193.890446994888	2273.9813629607074	2426.8096947465137
pegRNA_492	non-target-33	2214.047491384349	2580.770905075985	2121.816864998119	1672.4161499175461	1542.5312719095225	1956.36749415871
pegRNA_493	non-target-34	2943.9865412114737	2797.368792336888	2624.684309228728	2102.1701450975966	2072.977079818459	1966.4483984570202
pegRNA_494	non-target-35	3608.8065471743525	3485.3856106950498	2980.9477650159306	2569.6478128321783	2654.7977843771714	2817.948781520945
pegRNA_495	non-target-36	4967.220090109894	5266.301572618027	4434.3765536699175	2658.409395313428	3194.8763854079407	3368.3661562086754
pegRNA_496	non-target-37	2763.7733733080963	3156.9495986393017	2553.7468954657893	1713.098541888119	2077.4723832753143	2041.0470902645147
pegRNA_497	non-target-38	2139.8420693064877	2243.840858225692	2044.5739033451414	1511.9056215972862	1443.6345958587037	1898.5703095150657
pegRNA_498	non-target-39	4490.185233895071	5053.950702754398	4342.946109264351	3365.543335747384	3325.8823718648696	3728.5904698016225
pegRNA_499	non-target-40	3949.5457301849397	4070.0583390529114	3641.4539064975147	2697.61242757598	2695.25551548887	2990.6682751653248
pegRNA_500	non-target-41	2201.9323204328616	2442.0350034317466	2150.191830503294	1531.8769776555675	1720.4168515593715	1777.5994579353446
