sgRNA	Gene	REP1_PreSort	REP2_PreSort	REP3_PreSort	REP1_Q2	REP2_Q2	REP3_Q2
pegRNA_1	p.R601L	83.68507878215227	80.92683770020123	108.81045608841627	110.19977665232115	149.14375285149043	130.76292705037181
pegRNA_2	p.R601L	273.87843965068015	291.33661572072447	363.0833113687154	315.7311061229201	509.29829677434884	443.1897863116629
pegRNA_3	p.R601L	123.89738936578388	115.32074372278676	140.8809063039495	82.21253178823959	91.6957887901756	780.1895446159768
pegRNA_4	p.R601L	66.29597150274401	74.85732487268614	79.03075231684971	73.46651776821409	62.97180675951819	96.53638909758995
pegRNA_5	p.R601L	133.67876221045103	120.37867107904934	163.78837074361607	128.56640609437466	236.42046748310335	123.74209875236528
pegRNA_6	p.V155F	641.2233309281797	642.3567742453473	555.5060126619147	471.41015567937376	410.9738967463292	493.21318793495954
pegRNA_7	p.V155F	840.1112454364118	820.39581718579	749.0740871770973	676.0668837479702	740.1949215592489	671.3667059968755
pegRNA_8	p.V155F	122.81057016082087	144.65672238910972	103.08358997849963	116.32198646633898	78.43856631448756	93.02597494858666
pegRNA_9	p.V155F	41.29912978859463	33.38232055133301	49.251048545283155	74.34111917021664	48.609815744189476	43.002573325290065
pegRNA_10	p.V155F	56.514598658076864	57.66037186139338	75.59463265089973	70.84271356220646	90.59102025053494	46.51298747429333
pegRNA_11	p.G333C	53.25414104318781	29.335978666322948	43.52418243536651	41.106265894119794	24.304907872094738	24.572899043022893
pegRNA_12	p.G333C	209.75610655786218	144.65672238910972	187.841208405266	189.78850423455307	171.23912364430385	147.43739425813737
pegRNA_13	p.G333C	56.514598658076864	83.96159411395878	76.74000587288306	66.46970655219371	36.45736180814211	35.1041414900327
pegRNA_14	p.G333C	117.37647413600578	65.7530556314135	113.3919489763496	118.07118927034408	127.04838205867703	81.61712896432604
pegRNA_15	p.G333C	22.823203304223348	28.32439319507043	30.92507699354989	40.23166449211725	35.35259326850144	33.34893441553107
pegRNA_16	p.G186C	220.62429860749236	234.68782933058358	241.67374983848248	249.2613995707264	181.18204050106988	206.23683125394214
pegRNA_17	p.G186C	149.98105028489627	125.43659843531191	111.10120253238294	166.17426638048426	107.16254834514498	117.59887399160957
pegRNA_18	p.G186C	301.0489197747556	263.012222525654	240.52837661649914	306.11049070089206	246.36338433986938	240.46336920672402
pegRNA_19	p.G186C	67.38279070770703	92.0542778839789	92.77523098064967	100.57916123029311	104.95301126586364	114.9660633798571
pegRNA_20	p.G186C	34.77821455881653	38.440247907595584	29.77970377156656	40.23166449211725	54.13365844239283	48.26819454879497
pegRNA_21	p.G364C	2.173638409926033	1.0115854712525154	1.1453732219833292	2.6238042060076463	4.41907415856268	2.632810611752453
pegRNA_22	p.G364C	92.3796324218564	59.68354280389841	90.48448453668301	69.09351075820135	32.03828764957943	78.98431835257358
pegRNA_23	p.G364C	5.434096024815083	12.139025655030185	6.8722393318999755	29.736447668086658	29.828750570298087	8.776035372508176
pegRNA_24	p.G364C	19.5627456893343	15.17378206878773	17.180598329749937	25.363440658073912	40.87643596670479	17.55207074501635
pegRNA_25	p.G364C	10.868192049630165	12.139025655030185	20.616717995699926	22.739636452066268	12.152453936047369	16.674467207765534
pegRNA_26	p.G430C	14.128649664519216	20.23170942505031	34.361196659499875	17.492028040050975	22.095370792813398	39.49215917628679
pegRNA_27	p.G430C	51.08050263326178	69.79939751642357	69.86776654098308	33.23485327609686	70.70518653700287	81.61712896432604
pegRNA_28	p.G430C	1.0868192049630165	3.0347564137575462	1.1453732219833292	1.7492028040050975	2.20953707928134	2.632810611752453
pegRNA_29	p.G430C	236.9265866819376	153.76099163038234	266.8719607221157	244.88839256071367	301.60181132190286	220.2784878499552
pegRNA_30	p.G430C	163.0228807444525	126.44818390656442	163.78837074361607	108.45057384831605	186.70588319927322	94.7811820230883
pegRNA_31	p.R272C	17.389107279408265	16.185367540040247	18.325971551733268	2.6238042060076463	13.257222475688039	14.919260133263899
pegRNA_32	p.R272C	31.51775694392748	29.335978666322948	64.14090043106644	41.98086729612234	41.981204506345456	45.63538393704252
pegRNA_33	p.R272C	15.215468869482232	10.115854712525154	25.198210883633244	11.369818226033134	22.095370792813398	20.184881356768805
pegRNA_34	p.R272C	57.60141786303988	50.57927356262577	62.99552720908311	87.46014020025487	80.6481033937689	71.08588651731623
pegRNA_35	p.R272C	94.55327083178244	90.03110694147387	97.35672386858299	76.96492337622429	103.84824272622296	150.94780840714063
pegRNA_36	p.G480W	545.5832408914343	603.9165263377517	503.96421767266486	552.7480860656108	619.7751507384158	577.463127511038
pegRNA_37	p.G480W	267.35752442090205	318.6494234445424	238.23763017253248	190.66310563655563	299.39227424262157	297.50759912802715
pegRNA_38	p.G480W	171.7174343841566	156.79574804413988	151.18926530179945	167.0488677824868	119.31500228119235	134.2733411993751
pegRNA_39	p.G480W	258.66297078119794	317.63783797328983	264.58121427814905	252.7598051787366	335.84963605076365	394.92159176286793
pegRNA_40	p.G480W	64.12233309281798	42.48658979260565	44.66955565734984	58.59829393417077	53.028889902752155	54.411419309550695
pegRNA_41	p.R320L	93.46645162681942	93.06586335523141	114.53732219833293	119.82039207434919	142.51514161364642	132.51813412487346
pegRNA_42	p.R320L	51.08050263326178	34.393906022585526	50.39642176726649	35.8586574821045	26.514444951376078	45.63538393704252
pegRNA_43	p.R320L	55.42777945311384	34.393906022585526	74.4492594289164	48.97767851214273	39.771667427064116	72.84109359181787
pegRNA_44	p.R320L	134.76558141541406	111.2744018377767	170.66061007551605	194.16151124456582	146.9342157722091	196.58319234418315
pegRNA_45	p.R320L	38.03867217370558	53.614029976383314	61.85015398709978	63.84590234618606	67.39088091808087	82.49473250157686
pegRNA_46	p.R320Q	111.9423781111907	95.08903429773645	127.13642764014955	144.30923133042054	219.8489393884933	159.7238437796488
pegRNA_47	p.R320Q	23.910022509186362	51.59085903387829	20.616717995699926	45.479272904132536	58.55273260095551	27.205709654775347
pegRNA_48	p.R320Q	46.73322581340971	33.38232055133301	41.23343599139985	48.97767851214273	39.771667427064116	71.96349005456705
pegRNA_49	p.R320Q	110.85555890622769	105.20488901026161	155.7707581897328	154.80444815445114	153.56282701005313	114.9660633798571
pegRNA_50	p.R320Q	44.559587403483675	54.62561544763583	57.268661099166465	67.34430795419625	85.06717755233159	71.08588651731623
pegRNA_51	p.R362Q	27.170480124075414	19.220123953797792	16.03522510776661	15.742825236045878	18.78106517389139	9.653638909758994
pegRNA_52	p.R362Q	6.520915229778099	5.057927356262577	12.599105441816622	13.119021030038232	8.83814831712536	8.776035372508176
pegRNA_53	p.R362Q	35.86503376377954	40.46341885010062	43.52418243536651	106.70137104431095	43.08597304598612	46.51298747429333
pegRNA_54	p.R362Q	14.128649664519216	31.359149608827977	25.198210883633244	27.112643462079014	20.990602253172728	35.98174502728352
pegRNA_55	p.R362Q	8.694553639704132	7.081098298767608	4.581492887933317	14.868223834043329	7.733379777484689	5.265621223504906
pegRNA_56	p.G462V	61.94869468289194	55.63720091888835	72.15851298494974	55.97448972816312	108.26731688478566	73.71869712906869
pegRNA_57	p.G462V	52.167321838224794	34.393906022585526	69.86776654098308	54.22528692415803	87.27671463161292	42.124969788039245
pegRNA_58	p.G462V	165.1965191543785	168.93477369917008	140.8809063039495	177.5440846065174	162.4009753271785	157.96863670514716
pegRNA_59	p.G462V	106.50828208637562	112.28598730902921	106.51970964444962	99.70455982829056	85.06717755233159	144.8045836463849
pegRNA_60	p.G462V	32.604576148890494	11.127440183777669	19.4713447737166	20.115832246058623	26.514444951376078	28.083313192026164
pegRNA_61	p.C297F	73.90370593748513	113.29757278028173	84.75761842676637	86.58553879825233	90.59102025053494	73.71869712906869
pegRNA_62	p.C297F	28.257299329038432	25.289636781312886	32.07045021553322	36.733258884107045	19.885833713532058	23.695295505772076
pegRNA_63	p.C297F	29.344118534001446	28.32439319507043	17.180598329749937	48.103077110140184	16.57152809461005	29.838520266527798
pegRNA_64	p.C297F	57.60141786303988	60.69512827515092	51.541794989249816	76.96492337622429	87.27671463161292	54.411419309550695
pegRNA_65	p.C297F	511.89184553758076	491.63053902872247	494.80123189679824	484.529176709412	493.83153721937947	463.3746676684317
pegRNA_66	p.G332C	38.03867217370558	42.48658979260565	64.14090043106644	36.733258884107045	30.933519109938757	19.30727781951799
pegRNA_67	p.G332C	203.23519132808408	240.75734215809868	245.10986950443245	181.91709161653014	219.8489393884933	218.5232807754536
pegRNA_68	p.G332C	264.097066806013	220.52563273304835	213.03941928889924	186.29009862654289	127.04838205867703	173.7655003756619
pegRNA_69	p.G332C	71.73006752755909	43.498175263858165	77.8853790948664	37.6078602861096	112.68639104334832	51.77860869779824
pegRNA_70	p.G332C	16.302288074445247	25.289636781312886	20.616717995699926	34.98405608010195	33.1430561892201	33.34893441553107
pegRNA_71	p.P278S	11.955011254593181	11.127440183777669	12.599105441816622	11.369818226033134	20.990602253172728	21.062484894019622
pegRNA_72	p.P278S	11.955011254593181	6.0695128275150925	3.4361196659499877	6.122209814017841	4.41907415856268	17.55207074501635
pegRNA_73	p.P278S	46.73322581340971	29.335978666322948	33.21582343751655	52.476084120152926	38.66689888742344	27.205709654775347
pegRNA_74	p.P278S	46.73322581340971	64.74147016016099	65.28627365304976	90.08394440626252	48.609815744189476	56.16662638405233
pegRNA_75	p.P278S	371.69216809735167	325.73052174330996	403.1713741381319	202.9075252645913	360.1545439228584	251.87221519098466
pegRNA_76	p.R413C	235.8397674769746	196.247581422988	245.10986950443245	177.5440846065174	230.8966247849	268.5466823987502
pegRNA_77	p.R413C	155.41514630971136	166.91160275666505	237.09225695054914	216.9011476966321	207.69648545244593	167.62227561490616
pegRNA_78	p.R413C	35.86503376377954	21.243294896302825	33.21582343751655	57.723692532168215	53.028889902752155	38.61455563903598
pegRNA_79	p.R413C	209.75610655786218	161.85367540040247	263.4358410561657	302.6120850928819	213.2203281506493	298.385202665278
pegRNA_80	p.R413C	78.2509827573372	75.86891034393865	123.70030797419956	104.95216824030585	96.11486294873828	137.78375534837838
pegRNA_81	p.R413L	195.62745689334298	198.27075236549302	222.20240506476588	197.65991685257603	318.17333941651293	188.6847605089258
pegRNA_82	p.R413L	240.18704429682666	168.93477369917008	187.841208405266	126.81720329036958	197.75356859567992	131.64053058762264
pegRNA_83	p.R413L	30.430937738964463	14.162196597535216	16.03522510776661	32.3602518740943	17.67629663425072	20.184881356768805
pegRNA_84	p.R413L	69.55642911763306	92.0542778839789	121.4095615302329	71.717314964209	109.37208542442632	121.98689167786365
pegRNA_85	p.R413L	108.68192049630166	113.29757278028173	125.99105441816621	164.42506357647918	183.3915775803512	164.1118614659029
pegRNA_86	p.L237V	118.4632933409688	69.79939751642357	103.08358997849963	107.5759724463135	106.05777980550431	118.47647752886039
pegRNA_87	p.L237V	63.03551388785496	55.63720091888835	85.90299164874969	62.096699542180964	92.80055732981627	86.88275018783095
pegRNA_88	p.L237V	249.9684171414938	194.22441048048296	349.33883270491543	230.89477012867286	491.6220001400981	334.3669476925615
pegRNA_89	p.L237V	10.868192049630165	8.092683770020123	19.4713447737166	4.373007010012744	11.047685396406699	10.531242447009811
pegRNA_90	p.L237V	65.20915229778099	29.335978666322948	56.12328787718313	57.723692532168215	45.29551012526747	27.205709654775347
pegRNA_91	p.H311R	753.1657090393704	731.3762957155686	708.9860244076808	711.0509398280722	808.6905710169704	811.7832719570063
pegRNA_92	p.H311R	185.84608404867583	126.44818390656442	195.8588209591493	150.4314411444384	185.60111465963254	150.94780840714063
pegRNA_93	p.H311R	171.7174343841566	109.25123089527166	151.18926530179945	122.44419628035683	155.77236408933445	151.82541194439145
pegRNA_94	p.H311R	48.906864223335745	44.509760735110675	57.268661099166465	36.733258884107045	33.1430561892201	35.1041414900327
pegRNA_95	p.H311R	4.347276819852066	20.23170942505031	14.88985188578328	1.7492028040050975	43.08597304598612	15.796863670514718
pegRNA_96	p.G603V	70.64324832259608	93.06586335523141	75.59463265089973	83.08713319024213	171.23912364430385	106.19002800734893
pegRNA_97	p.G603V	28.257299329038432	21.243294896302825	41.23343599139985	16.61742663804843	43.08597304598612	37.73695210178516
pegRNA_98	p.G603V	19.5627456893343	21.243294896302825	14.88985188578328	23.61423785406882	28.723982030657417	28.083313192026164
pegRNA_99	p.G603V	124.9842085707469	141.62196597535217	200.44031384708262	165.29966497848173	251.88722703807275	212.38005601469786
pegRNA_100	p.G603V	43.47276819852066	46.53293167761571	42.378809213383185	18.366629442053522	39.771667427064116	26.32810611752453
pegRNA_101	p.E192K	169.5437959742306	192.20123953797793	185.55046196129933	182.7916930185327	188.91542027855456	220.2784878499552
pegRNA_102	p.E192K	115.20283572607975	120.37867107904934	112.24657575436626	83.08713319024213	96.11486294873828	129.0077199758702
pegRNA_103	p.E192K	227.14521383727046	205.35185066426064	174.09672974146605	194.16151124456582	162.4009753271785	197.46079588143397
pegRNA_104	p.E192K	88.03235560200434	59.68354280389841	88.19373809271636	115.44738506433643	60.76226968023684	137.78375534837838
pegRNA_105	p.E192K	92.3796324218564	64.74147016016099	82.4668719827997	73.46651776821409	77.33379777484689	79.8619218898244
pegRNA_106	p.L281M	42.38594899355765	39.4518333788481	50.39642176726649	34.98405608010195	27.619213491016747	30.71612380377862
pegRNA_107	p.L281M	119.55011254593182	128.47135484906946	106.51970964444962	98.82995842628802	128.15315059831772	125.49730582686692
pegRNA_108	p.L281M	13.041830459556198	7.081098298767608	5.726866109916646	11.369818226033134	5.5238426982033495	6.143224760755723
pegRNA_109	p.L281M	127.15784698067293	155.78416257288737	143.17165274791617	140.81082572241036	127.04838205867703	93.90357848583749
pegRNA_110	p.L281M	46.73322581340971	56.64878639014086	42.378809213383185	65.59510515019116	33.1430561892201	47.39059101154415
pegRNA_111	p.W252C	63.03551388785496	82.95000864270627	73.30388620693307	97.95535702428546	75.12426069556555	78.10671481532277
pegRNA_112	p.W252C	104.33464367644959	102.17013259650406	95.06597742461632	118.94579067234663	107.16254834514498	93.02597494858666
pegRNA_113	p.W252C	243.4475019117157	189.16648312422038	190.13195484923264	265.0042248067723	167.92481802538182	145.68218718363573
pegRNA_114	p.W252C	682.5224607167744	707.0982444055082	605.9024344291812	599.9765617737485	454.05986979231534	540.6037789465037
pegRNA_115	p.W252C	9.78137284466715	11.127440183777669	3.4361196659499877	19.241230844056073	6.628611237844019	4.388017686254088
pegRNA_116	p.V568F	103.24782447148657	95.08903429773645	97.35672386858299	98.82995842628802	120.41977082083302	133.39573766212428
pegRNA_117	p.V568F	22.823203304223348	40.46341885010062	20.616717995699926	41.106265894119794	25.409676411735408	20.184881356768805
pegRNA_118	p.V568F	10.868192049630165	13.150611126282701	11.453732219833292	16.61742663804843	7.733379777484689	15.796863670514718
pegRNA_119	p.V568F	65.20915229778099	75.86891034393865	58.41403432114979	65.59510515019116	80.6481033937689	64.94266175656051
pegRNA_120	p.V568F	111.9423781111907	128.47135484906946	120.26418830824957	167.0488677824868	106.05777980550431	142.17177303463245
pegRNA_121	p.R71L	46.73322581340971	78.9036667576962	51.541794989249816	65.59510515019116	38.66689888742344	56.16662638405233
pegRNA_122	p.R71L	1197.6747638692443	1203.7867107904933	1170.5714328669626	1005.7916123029311	792.1190429223603	813.5384790315079
pegRNA_123	p.R71L	113.02919731615373	119.36708560779682	125.99105441816621	131.19021030038232	110.47685396406699	74.5963006663195
pegRNA_124	p.R71L	1242.234351272728	1311.01477074326	1299.9986069510787	838.7427445204443	859.5099238404412	944.3014060818798
pegRNA_125	p.R71L	445.59587403483675	525.0128595800555	415.7704795799485	488.02758231742223	517.0316765518335	557.2782461542691
pegRNA_126	p.R234W	378.21308332712977	332.81162004207755	382.55465614243195	334.9723369669762	413.18343382561056	265.91387178699773
pegRNA_127	p.R234W	204.32201053304712	183.09697029670528	185.55046196129933	142.56002852641544	124.8388449793957	108.82283861910139
pegRNA_128	p.R234W	126.07102777570992	118.35550013654431	74.4492594289164	55.099888326160574	127.04838205867703	57.92183345855396
pegRNA_129	p.R234W	96.72690924170847	132.51769673407952	83.61224520478304	120.69499347635173	113.791159582989	110.57804569360302
pegRNA_130	p.R234W	16.302288074445247	13.150611126282701	13.744478663799951	15.742825236045878	16.57152809461005	15.796863670514718
pegRNA_131	p.N414I	251.0552363464568	211.4213634917757	311.5415163794656	313.10730191691243	252.9919955777134	304.5284274260337
pegRNA_132	p.N414I	295.6148237499405	252.89636781312885	331.01286115318214	313.981903318915	367.8879237003431	351.041414900327
pegRNA_133	p.N414I	348.8689647931283	347.9854021108653	447.8409297954817	377.8278056651011	381.1451461760311	402.8200235981253
pegRNA_134	p.N414I	164.1096999494155	161.85367540040247	175.24210296344938	194.16151124456582	254.09676411735407	198.3383994186848
pegRNA_135	p.N414I	164.1096999494155	178.0390429404427	168.3698636315494	210.77893788261426	139.2008359947244	196.58319234418315
pegRNA_136	p.V369L	18.475926484371282	37.42866243634307	46.9603021013165	5.247608412015293	33.1430561892201	41.24736625078843
pegRNA_137	p.V369L	11.955011254593181	11.127440183777669	10.308358997849963	6.99681121602039	9.942916856766029	33.34893441553107
pegRNA_138	p.V369L	11.955011254593181	7.081098298767608	14.88985188578328	26.238042060076463	8.83814831712536	27.205709654775347
pegRNA_139	p.V369L	7.607734434741116	10.115854712525154	17.180598329749937	24.488839256071365	7.733379777484689	20.184881356768805
pegRNA_140	p.V369L	10.868192049630165	14.162196597535216	18.325971551733268	13.119021030038232	3.3143056189220097	21.94008843127044
pegRNA_141	p.H274R	38.03867217370558	39.4518333788481	30.92507699354989	59.472895336173316	26.514444951376078	21.94008843127044
pegRNA_142	p.H274R	21.73638409926033	15.17378206878773	12.599105441816622	20.115832246058623	27.619213491016747	21.062484894019622
pegRNA_143	p.H274R	136.93921982534007	179.05062841169521	197.00419418113262	164.42506357647918	224.268013547056	289.6091672927698
pegRNA_144	p.H274R	17.389107279408265	11.127440183777669	10.308358997849963	22.739636452066268	14.361991015328709	13.164053058762265
pegRNA_145	p.H274R	29.344118534001446	46.53293167761571	32.07045021553322	27.112643462079014	45.29551012526747	38.61455563903598
pegRNA_146	p.G524C	1356.3503677938447	1389.918437500956	1267.9281567355454	1421.2272782541418	1354.4462295994613	1419.9625232718229
pegRNA_147	p.G524C	4550.512011180151	4885.957826149649	4190.920619237002	3538.6372725023125	3885.470953916236	3896.5597053936303
pegRNA_148	p.G524C	5.434096024815083	5.057927356262577	5.726866109916646	17.492028040050975	3.3143056189220097	3.5104141490032705
pegRNA_149	p.G524C	2808.3408256244347	3091.405200147687	2649.2482624474405	2229.3589737044967	2558.6439378077916	2829.393804096636
pegRNA_150	p.G524C	3641.9311558310683	3982.612000321153	3716.7361053359036	2720.010360227927	3244.7052009246477	3287.502850541563
pegRNA_151	p.G378C	3.2604576148890496	2.023170942505031	1.1453732219833292	2.6238042060076463	0.0	2.632810611752453
pegRNA_152	p.G378C	43.47276819852066	71.8225684589286	60.70478076511645	26.238042060076463	36.45736180814211	47.39059101154415
pegRNA_153	p.G378C	23.910022509186362	12.139025655030185	20.616717995699926	16.61742663804843	23.200139332454068	17.55207074501635
pegRNA_154	p.G378C	34.77821455881653	39.4518333788481	61.85015398709978	67.34430795419625	74.01949215592488	86.00514665058013
pegRNA_155	p.G378C	11.955011254593181	21.243294896302825	10.308358997849963	19.241230844056073	16.57152809461005	14.919260133263899
pegRNA_156	p.C171F	983.57138049153	968.0872959886573	910.5717114767467	760.9032197422174	631.9276046744632	624.8537185225822
pegRNA_157	p.C171F	1256.363000937247	1182.5434158941905	1113.302771767796	1102.872367925214	831.8907103494245	935.5253707093716
pegRNA_158	p.C171F	1017.2627758453834	1006.5275438962528	1074.3600822203628	970.8075562228291	863.9289979990039	690.6739838163935
pegRNA_159	p.C171F	269.5311628308281	266.04697893941153	300.08778415963224	248.38679816872386	323.69718211471627	278.2003213085092
pegRNA_160	p.C171F	1.0868192049630165	1.0115854712525154	5.726866109916646	8.746014020025488	3.3143056189220097	0.8776035372508176
pegRNA_161	p.A510V	78.2509827573372	66.76464110266602	59.55940754313312	100.57916123029311	119.31500228119235	94.7811820230883
pegRNA_162	p.A510V	118.4632933409688	123.41342749280687	100.79284353453298	86.58553879825233	140.30560453436507	104.4348209328473
pegRNA_163	p.A510V	98.90054765163451	61.70671374640344	69.86776654098308	99.70455982829056	157.9819011686158	96.53638909758995
pegRNA_164	p.A510V	45.646406608446696	16.185367540040247	28.634330549583233	32.3602518740943	47.5050472045488	26.32810611752453
pegRNA_165	p.A510V	21.73638409926033	16.185367540040247	20.616717995699926	44.60467150212999	28.723982030657417	36.85934856453434
pegRNA_166	p.G558R	253.22887475638285	319.66100891579487	322.99524859929886	308.7342949068997	393.2976001120785	374.7367104060991
pegRNA_167	p.G558R	235.8397674769746	199.28233783674554	207.3125531789826	191.53770703855818	388.8785259535158	190.43996758342743
pegRNA_168	p.G558R	55.42777945311384	20.23170942505031	43.52418243536651	36.733258884107045	49.71458428383015	28.96091672927698
pegRNA_169	p.G558R	28.257299329038432	29.335978666322948	53.83254143321648	31.485650472091756	18.78106517389139	34.22653795278189
pegRNA_170	p.G558R	55.42777945311384	78.9036667576962	68.72239331899975	113.69818226033134	109.37208542442632	106.19002800734893
pegRNA_171	p.S102L	94.55327083178244	78.9036667576962	81.32149876081638	136.43781871239761	95.0100944090976	80.73952542707522
pegRNA_172	p.S102L	258.66297078119794	300.4408849619971	245.10986950443245	274.62484022880034	328.11625627327896	255.38262933998794
pegRNA_173	p.S102L	52.167321838224794	55.63720091888835	56.12328787718313	83.08713319024213	78.43856631448756	62.30985114480805
pegRNA_174	p.S102L	4.347276819852066	4.046341885010062	2.2907464439666585	3.498405608010195	2.20953707928134	4.388017686254088
pegRNA_175	p.S102L	419.51221311572436	478.4799279024398	440.96869046358177	400.56744211716733	329.2210248129196	356.30703612383195
pegRNA_176	p.I416F	42.38594899355765	30.34756413757546	30.92507699354989	8.746014020025488	74.01949215592488	30.71612380377862
pegRNA_177	p.I416F	78.2509827573372	85.98476505646381	59.55940754313312	120.69499347635173	98.32440002801962	71.96349005456705
pegRNA_178	p.I416F	5.434096024815083	0.0	3.4361196659499877	0.0	2.20953707928134	0.8776035372508176
pegRNA_179	p.I416F	18.475926484371282	19.220123953797792	21.762091217683256	15.742825236045878	18.78106517389139	7.898431835257359
pegRNA_180	p.I416F	7.607734434741116	14.162196597535216	22.907464439666583	18.366629442053522	12.152453936047369	9.653638909758994
pegRNA_181	p.M161I	48.906864223335745	53.614029976383314	44.66955565734984	59.472895336173316	43.08597304598612	43.88017686254088
pegRNA_182	p.M161I	94.55327083178244	102.17013259650406	135.15404019403286	112.8235808583288	149.14375285149043	116.72127045435874
pegRNA_183	p.M161I	80.42462116726323	71.8225684589286	73.30388620693307	111.94897945632624	83.96240901269091	90.39316433683422
pegRNA_184	p.M161I	55.42777945311384	71.8225684589286	52.68716821123314	86.58553879825233	89.48625171089427	84.24993957607849
pegRNA_185	p.M161I	485.8081846184684	365.18235512215807	424.93346535581514	361.2103790270526	244.15384726058804	314.18206633579274
pegRNA_186	p.N238K	76.07734434741116	75.86891034393865	93.920604202633	71.717314964209	109.37208542442632	126.37490936411774
pegRNA_187	p.N238K	129.33148539059897	120.37867107904934	146.60777241386614	110.19977665232115	181.18204050106988	170.25508622665862
pegRNA_188	p.N238K	57.60141786303988	63.72988468890847	61.85015398709978	62.096699542180964	106.05777980550431	49.14579808604579
pegRNA_189	p.N238K	58.68823706800289	31.359149608827977	46.9603021013165	48.103077110140184	59.657501140596175	27.205709654775347
pegRNA_190	p.N238K	79.3378019623002	78.9036667576962	119.11881508626624	87.46014020025487	131.46745621723971	127.25251290136856
pegRNA_191	p.P278L	8.694553639704132	11.127440183777669	9.162985775866634	15.742825236045878	9.942916856766029	11.40884598426063
pegRNA_192	p.P278L	21.73638409926033	20.23170942505031	32.07045021553322	14.868223834043329	19.885833713532058	23.695295505772076
pegRNA_193	p.P278L	40.21231058363161	54.62561544763583	48.10567532329983	38.482461688112146	40.87643596670479	34.22653795278189
pegRNA_194	p.P278L	35.86503376377954	32.37073508008049	32.07045021553322	48.103077110140184	47.5050472045488	37.73695210178516
pegRNA_195	p.P278L	296.7016429549035	329.77686362832003	320.7045021553322	253.63440658073915	311.5447281786689	279.9555283830108
pegRNA_196	p.P361L	32.604576148890494	25.289636781312886	26.34358410561657	39.35706309011469	32.03828764957943	24.572899043022893
pegRNA_197	p.P361L	9.78137284466715	17.196953011292763	20.616717995699926	18.366629442053522	9.942916856766029	25.45050258027371
pegRNA_198	p.P361L	14.128649664519216	2.023170942505031	9.162985775866634	8.746014020025488	3.3143056189220097	18.42967428226717
pegRNA_199	p.P361L	34.77821455881653	30.34756413757546	20.616717995699926	27.98724486408156	88.38148317125359	56.16662638405233
pegRNA_200	p.P361L	5.434096024815083	7.081098298767608	10.308358997849963	6.122209814017841	17.67629663425072	4.388017686254088
pegRNA_201	p.Q163L	109.76873970126466	136.5640386190896	108.81045608841627	92.70774861227017	148.03898431184976	133.39573766212428
pegRNA_202	p.Q163L	55.42777945311384	63.72988468890847	52.68716821123314	87.46014020025487	74.01949215592488	86.88275018783095
pegRNA_203	p.Q163L	126.07102777570992	130.4945257915745	123.70030797419956	113.69818226033134	141.41037307400575	122.86449521511447
pegRNA_204	p.Q163L	56.514598658076864	55.63720091888835	41.23343599139985	96.20615422028037	56.34319552167416	62.30985114480805
pegRNA_205	p.Q163L	99.98736685659752	110.26281636652418	147.75314563584948	101.45376263229565	118.21023374155168	98.29159617209157
pegRNA_206	p.R240L	79.3378019623002	67.77622657391854	92.77523098064967	70.84271356220646	122.62930790011436	71.96349005456705
pegRNA_207	p.R240L	60.861875477928926	40.46341885010062	68.72239331899975	92.70774861227017	90.59102025053494	39.49215917628679
pegRNA_208	p.R240L	61.94869468289194	37.42866243634307	40.088062769416524	39.35706309011469	71.80995507664355	35.98174502728352
pegRNA_209	p.R240L	1.0868192049630165	0.0	0.0	0.0	0.0	0.0
pegRNA_210	p.R240L	78.2509827573372	62.718299217655954	82.4668719827997	80.4633289842345	93.90532586945695	131.64053058762264
pegRNA_211	p.R71W	74.99052514244813	65.7530556314135	64.14090043106644	58.59829393417077	59.657501140596175	57.92183345855396
pegRNA_212	p.R71W	44.559587403483675	42.48658979260565	41.23343599139985	59.472895336173316	44.190741585626796	20.184881356768805
pegRNA_213	p.R71W	128.24466618563596	100.14696165399903	113.3919489763496	106.70137104431095	80.6481033937689	88.63795726233258
pegRNA_214	p.R71W	1159.6360916955387	1076.3269414126764	1104.1397859919293	662.0732613159295	800.9571912394857	712.6140722476639
pegRNA_215	p.R71W	507.54456871772874	473.42200054617723	454.7131691273817	614.8447856077918	494.9363057590201	535.3381577229987
pegRNA_216	p.S224F	230.4056714521595	281.2207610081993	235.94688372856584	255.38360938474423	215.42986522993064	187.80715697167497
pegRNA_217	p.S224F	304.3093773896446	330.7884490995725	303.52390382558224	216.02654629462955	205.4869483731646	248.36180104198138
pegRNA_218	p.S224F	48.906864223335745	59.68354280389841	48.10567532329983	61.22209814017842	32.03828764957943	33.34893441553107
pegRNA_219	p.S224F	219.53747940252933	166.91160275666505	158.06150463369943	165.29966497848173	125.94361351903638	96.53638909758995
pegRNA_220	p.S224F	97.81372844667149	136.5640386190896	84.75761842676637	144.30923133042054	106.05777980550431	107.06763154459975
pegRNA_221	p.S45F	85.8587171920783	97.11220524024148	46.9603021013165	59.472895336173316	38.66689888742344	40.36976271353761
pegRNA_222	p.S45F	64.12233309281798	44.509760735110675	75.59463265089973	62.096699542180964	98.32440002801962	46.51298747429333
pegRNA_223	p.S45F	70.64324832259608	45.52134620636319	72.15851298494974	62.97130094418351	117.10546520191102	51.77860869779824
pegRNA_224	p.S45F	248.8815979365308	200.29392330799806	248.54598917038246	293.86607107285636	352.4211641453737	236.07535152046995
pegRNA_225	p.S45F	44.559587403483675	51.59085903387829	37.79731632544986	22.739636452066268	65.18134383879952	24.572899043022893
pegRNA_226	p.W252L	71.73006752755909	70.81098298767608	51.541794989249816	118.94579067234663	66.2861123784402	59.677040533055596
pegRNA_227	p.W252L	229.3188522471965	186.13172671046283	179.8235958513827	212.52814068661934	197.75356859567992	162.35665439140126
pegRNA_228	p.W252L	193.45381848341694	200.29392330799806	169.51523685353274	233.51857433468052	190.0201888181952	185.1743463599225
pegRNA_229	p.W252L	630.3551388785496	653.4842144291249	613.9200469830645	551.8734846636082	458.47894395087803	457.231442907676
pegRNA_230	p.W252L	11.955011254593181	8.092683770020123	33.21582343751655	6.99681121602039	0.0	7.898431835257359
pegRNA_231	p.W403C	593.403285909807	529.0592014650656	534.8892946662147	585.1083379397052	407.65959112740717	567.809488601279
pegRNA_232	p.W403C	23.910022509186362	17.196953011292763	20.616717995699926	3.498405608010195	22.095370792813398	7.898431835257359
pegRNA_233	p.W403C	7.607734434741116	8.092683770020123	4.581492887933317	13.119021030038232	9.942916856766029	10.531242447009811
pegRNA_234	p.W403C	13.041830459556198	10.115854712525154	11.453732219833292	24.488839256071365	19.885833713532058	15.796863670514718
pegRNA_235	p.W403C	99.98736685659752	62.718299217655954	116.82806864229958	102.3283640342982	131.46745621723971	98.29159617209157
pegRNA_236	p.W450L	236.9265866819376	251.88478234187633	239.3830033945158	217.77574909863463	269.56352367232347	171.13268976390944
pegRNA_237	p.W450L	22.823203304223348	15.17378206878773	22.907464439666583	30.61104907008921	14.361991015328709	14.919260133263899
pegRNA_238	p.W450L	203.23519132808408	284.2555174219568	230.22001761864917	311.3580991129074	252.9919955777134	289.6091672927698
pegRNA_239	p.W450L	743.3843361947033	767.7933726806592	765.1093122848639	641.0828276678683	708.1566339096694	686.2859661301394
pegRNA_240	p.W450L	320.61166546408987	316.62625250203735	326.43136826524886	362.0849804290552	296.0779686236995	278.2003213085092
pegRNA_241	p.Y300C	56.514598658076864	61.70671374640344	44.66955565734984	64.7205037481886	72.91472361628422	68.45307590556378
pegRNA_242	p.Y300C	22.823203304223348	46.53293167761571	45.814928879333166	62.096699542180964	58.55273260095551	57.04422992130315
pegRNA_243	p.Y300C	472.7663541589122	455.21346206363194	485.6382461209316	513.3910229754961	349.1068585264517	421.2496978803925
pegRNA_244	p.Y300C	205.40882973801013	169.9463591704226	193.56807451518264	250.13600097272894	205.4869483731646	199.2160029559356
pegRNA_245	p.Y300C	53.25414104318781	45.52134620636319	48.10567532329983	63.84590234618606	16.57152809461005	31.593727341029435
pegRNA_246	p.Y572C	104.33464367644959	107.22805995276663	83.61224520478304	164.42506357647918	136.99129891544305	150.94780840714063
pegRNA_247	p.Y572C	243.4475019117157	302.4640559045021	251.98210883633243	374.3294000570909	334.744867511123	269.424285936001
pegRNA_248	p.Y572C	239.10022509186365	259.97746611189643	202.7310602910493	259.756616394757	346.8973214471703	273.8123036222551
pegRNA_249	p.Y572C	1867.1553941264624	1763.1934763931345	1660.7911718758273	1432.597096480175	1365.493914995868	1577.0535564397194
pegRNA_250	p.Y572C	108.68192049630166	101.15854712525154	117.97344186428292	159.17745516446388	123.73407643975503	148.31499779538817
pegRNA_251	p.R260L	34.77821455881653	43.498175263858165	44.66955565734984	68.21890935619881	47.5050472045488	48.26819454879497
pegRNA_252	p.R260L	63.03551388785496	64.74147016016099	89.33911131469968	35.8586574821045	143.6199101532871	88.63795726233258
pegRNA_253	p.R260L	44.559587403483675	45.52134620636319	43.52418243536651	48.103077110140184	46.400278664908136	57.92183345855396
pegRNA_254	p.R260L	54.34096024815083	34.393906022585526	34.361196659499875	32.3602518740943	27.619213491016747	28.083313192026164
pegRNA_255	p.R260L	3.2604576148890496	0.0	1.1453732219833292	1.7492028040050975	0.0	1.7552070745016353
pegRNA_256	p.A184G	146.72059267000722	152.74940615912982	153.48001174576612	104.95216824030585	82.85764047305024	64.06505821930969
pegRNA_257	p.A184G	77.16416355237418	76.88049581519117	73.30388620693307	108.45057384831605	64.07657529915886	76.35150774082113
pegRNA_258	p.A184G	44.559587403483675	56.64878639014086	64.14090043106644	62.096699542180964	58.55273260095551	65.82026529381132
pegRNA_259	p.A184G	274.9652588556432	220.52563273304835	197.00419418113262	188.039301430548	107.16254834514498	103.55721739559648
pegRNA_260	p.A184G	42.38594899355765	30.34756413757546	42.378809213383185	49.85227991414528	40.87643596670479	38.61455563903598
pegRNA_261	p.R415H	219.53747940252933	252.89636781312885	250.8367356143491	219.52495190263974	328.11625627327896	258.0154399517404
pegRNA_262	p.R415H	282.5729932903843	173.99270105543266	276.03494649798233	254.50900798274168	260.7253753551981	261.52585410074363
pegRNA_263	p.R415H	147.80741187497026	94.07744882648393	112.24657575436626	139.9362243204078	95.0100944090976	119.35408106611119
pegRNA_264	p.R415H	35.86503376377954	49.567688091373256	92.77523098064967	114.57278366233389	120.41977082083302	143.04937657188327
pegRNA_265	p.R415H	30.430937738964463	81.93842317145375	54.977914655199804	37.6078602861096	95.0100944090976	62.30985114480805
pegRNA_266	p.R536C	24.99684171414938	25.289636781312886	25.198210883633244	32.3602518740943	30.933519109938757	29.838520266527798
pegRNA_267	p.R536C	46.73322581340971	50.57927356262577	36.651943103466536	41.98086729612234	54.13365844239283	73.71869712906869
pegRNA_268	p.R536C	105.42146288141261	88.00793599896885	121.4095615302329	118.07118927034408	121.52453936047368	112.33325276810466
pegRNA_269	p.S508R	418.4253939107614	425.877483397309	351.6295791488821	552.7480860656108	417.6025079841732	376.49191748060076
pegRNA_270	p.S508R	599.9242011395851	535.1287142925806	481.0567532329983	648.9542402858912	517.0316765518335	436.1689580136564
pegRNA_271	p.S508R	314.09075023431177	307.52198326076467	270.3080803880657	404.9404491271801	311.5447281786689	306.28363450053536
pegRNA_272	p.S508R	485.8081846184684	456.2250475348844	374.53704358854867	383.07541407711636	378.9356090967498	434.41375093915474
pegRNA_273	p.S508R	180.41198802386074	142.63355144660468	146.60777241386614	334.9723369669762	190.0201888181952	188.6847605089258
pegRNA_274	p.G480R	274.9652588556432	333.8232055133301	235.94688372856584	266.75342761077735	297.1827371633402	418.61688726864
pegRNA_275	p.G480R	515.1523031524698	553.3372527751259	445.5501833515151	483.65457530740946	504.87922261578615	563.4214709150249
pegRNA_276	p.G480R	177.1515304089717	152.74940615912982	176.38747618543272	180.16788881252504	152.45805847041245	127.25251290136856
pegRNA_277	p.G480R	30.430937738964463	23.266465838807854	24.052837661649914	21.865035050063717	27.619213491016747	22.81769196852126
pegRNA_278	p.G480R	278.22571647053223	366.19394059341056	243.96449628244912	359.4611762230475	322.5924135750756	407.20804128437936
pegRNA_279	p.H210P	10.868192049630165	17.196953011292763	5.726866109916646	26.238042060076463	4.41907415856268	12.286449521511447
pegRNA_280	p.H210P	11.955011254593181	13.150611126282701	11.453732219833292	16.61742663804843	11.047685396406699	11.40884598426063
pegRNA_281	p.H210P	16.302288074445247	22.254880367555337	13.744478663799951	34.98405608010195	15.466759554969379	12.286449521511447
pegRNA_282	p.H210P	6.520915229778099	1.0115854712525154	0.0	6.99681121602039	1.10476853964067	2.632810611752453
pegRNA_283	p.H210P	13.041830459556198	18.20853848254528	9.162985775866634	38.482461688112146	13.257222475688039	18.42967428226717
pegRNA_284	p.M550K	172.80425358911964	169.9463591704226	213.03941928889924	172.2964761945021	366.7831551607024	191.31757112067825
pegRNA_285	p.M550K	84.7718979871153	47.54451714886822	69.86776654098308	94.45695141627527	125.94361351903638	69.3306794428146
pegRNA_286	p.M550K	86.94553639704132	39.4518333788481	71.01313976296642	97.95535702428546	118.21023374155168	46.51298747429333
pegRNA_287	p.M550K	180.41198802386074	101.15854712525154	219.91165862079922	153.92984675244858	332.53533043184166	150.94780840714063
pegRNA_288	p.M550K	159.76242312956344	118.35550013654431	192.4227012931993	147.80763693843073	315.9638023372316	130.76292705037181
pegRNA_289	p.V465L	51.08050263326178	20.23170942505031	52.68716821123314	22.739636452066268	56.34319552167416	34.22653795278189
pegRNA_290	p.V465L	82.59825957718925	59.68354280389841	77.8853790948664	55.099888326160574	68.49564945772153	49.14579808604579
pegRNA_291	p.V465L	91.29281321689339	78.9036667576962	107.66508286643295	97.95535702428546	155.77236408933445	73.71869712906869
pegRNA_292	p.V465L	46.73322581340971	42.48658979260565	80.17612553883305	41.98086729612234	58.55273260095551	36.85934856453434
pegRNA_293	p.V465L	20.649564894297313	6.0695128275150925	10.308358997849963	9.620615422028036	13.257222475688039	9.653638909758994
pegRNA_294	p.Glu79Gln	44.559587403483675	32.37073508008049	32.07045021553322	71.717314964209	33.1430561892201	42.124969788039245
pegRNA_295	p.Glu79Gln	47.820045018372724	59.68354280389841	65.28627365304976	95.33155281827781	46.400278664908136	51.77860869779824
pegRNA_296	p.Glu79Gln	134.76558141541406	176.0158719979377	137.4447866379995	205.53132947059896	181.18204050106988	185.1743463599225
pegRNA_297	p.Glu79Gln	105.42146288141261	129.48294032032197	82.4668719827997	174.92028040050974	169.0295865650225	120.23168460336201
pegRNA_298	p.Glu79Gln	106.50828208637562	118.35550013654431	115.68269542031625	109.3251752503186	165.71528094610048	143.04937657188327
pegRNA_299	p.Arg34Gly	975.9636460567889	1205.8098817329983	798.3251357223805	1340.7639492699072	1248.388449793957	1623.5665439140125
pegRNA_300	p.Arg34Gly	1582.4087624261522	2145.572784526585	1420.2627952593282	2389.4110302709632	2252.623052327326	2751.2870892813135
pegRNA_301	p.Arg34Gly	1253.102543322358	1770.274574691902	1202.6418830824957	1803.4280909292556	1871.4779061512947	2331.7925984754224
pegRNA_302	p.Arg34Gly	1580.235124016226	2034.2983826888085	1554.2714622313779	1959.1071404857094	2202.9084680434958	2679.3235992267464
pegRNA_303	p.Arg34Gly	1237.8870744528758	1593.2471172227117	1188.8974044186957	1687.1061044629166	1517.9519734662804	2123.8005601469786
pegRNA_304	p.Gly31Glu	1826.943083542831	2427.805131006037	1907.0464146022432	2656.1644578817404	2549.805789490666	3665.7499750966654
pegRNA_305	p.Gly31Glu	2161.68339867144	2904.2618879659717	2208.2795719838587	2634.299422831677	2874.607740145023	4074.713223455546
pegRNA_306	p.Gly31Glu	1959.535026548319	2639.226494497813	1797.0905852918436	2462.002946637175	2269.194580421936	3460.390747379974
pegRNA_307	p.Gly31Glu	2197.5484324352196	2597.7514901764594	2088.0153836756094	2329.0635335327875	2180.8130972506824	2553.8262933998794
pegRNA_308	p.Gly31Glu	1355.2635485888816	1792.5294550594574	1343.5227893864453	2324.6905265227747	2002.9453623685345	2559.091914623384
pegRNA_309	p.Glu82Asp	548.8436985063233	658.5421417853876	473.039140679115	517.7640299855088	452.95510125267464	651.1818246401067
pegRNA_310	p.Glu82Asp	274.9652588556432	372.26345342092566	231.3653908406325	303.4866864948844	213.2203281506493	348.4086042885746
pegRNA_311	p.Glu82Asp	381.4735409420188	433.9701671673291	348.1934594829321	468.78635147336615	467.31709226800336	416.8616801941384
pegRNA_312	p.Glu82Asp	95.64009003674545	179.05062841169521	116.82806864229958	98.82995842628802	83.96240901269091	212.38005601469786
pegRNA_313	p.Glu82Asp	65.20915229778099	83.96159411395878	58.41403432114979	86.58553879825233	110.47685396406699	133.39573766212428
pegRNA_314	S45S	64.12233309281798	45.52134620636319	60.70478076511645	55.099888326160574	14.361991015328709	39.49215917628679
pegRNA_315	S45S	46.73322581340971	67.77622657391854	53.83254143321648	23.61423785406882	9.942916856766029	18.42967428226717
pegRNA_316	R71R	756.4261666542595	812.3031334157698	817.796480496097	808.1316954503551	659.54681816548	695.9396050398984
pegRNA_317	R71R	104.33464367644959	100.14696165399903	101.9382167565163	118.07118927034408	74.01949215592488	67.57547236831296
pegRNA_318	S102S	121.72375095585785	114.30915825153424	186.69583518328267	110.19977665232115	201.06787421460191	90.39316433683422
pegRNA_319	S102S	945.5327083178244	956.9598558048796	955.2412671340966	719.7969538480976	672.804040641168	752.9838349612015
pegRNA_320	V155V	111.9423781111907	109.25123089527166	95.06597742461632	91.83314721026763	99.4291685676603	110.57804569360302
pegRNA_321	V155V	45.646406608446696	51.59085903387829	41.23343599139985	33.23485327609686	32.03828764957943	31.593727341029435
pegRNA_322	Q163Q	178.2383496139347	163.8768463429075	203.8764335130326	167.92346918448936	195.54403151639858	206.23683125394214
pegRNA_323	Q163Q	122.81057016082087	135.55245314783707	108.81045608841627	162.67586077247407	114.89592812262967	104.4348209328473
pegRNA_324	C171C	764.0339010890007	814.3263043582749	699.8230386318141	681.3144921599854	676.11834626009	506.3772409937218
pegRNA_325	C171C	2.173638409926033	4.046341885010062	5.726866109916646	2.6238042060076463	4.41907415856268	0.8776035372508176
pegRNA_326	A184A	395.60219060653804	380.3561371909458	432.9510779096985	547.5004776535956	427.54542484093923	451.08821814692027
pegRNA_327	A184A	89.11917480696735	79.91525222894872	66.4316468750331	132.93941310438743	78.43856631448756	109.70044215635221
pegRNA_328	G186G	294.5280045449775	213.44453443428074	208.45792640096593	262.38042060076464	241.94431018130672	201.84881356768807
pegRNA_329	G186G	57.60141786303988	58.671957332645896	80.17612553883305	118.07118927034408	51.92412136311148	192.19517465792907
pegRNA_330	E192E	79.3378019623002	120.37867107904934	135.15404019403286	116.32198646633898	65.18134383879952	102.67961385834566
pegRNA_331	E192E	97.81372844667149	76.88049581519117	74.4492594289164	84.83633599424724	68.49564945772153	86.88275018783095
pegRNA_332	H210H	165.1965191543785	184.1085557679578	129.42717408411622	227.39636452066267	259.62060681555744	259.77064702624205
pegRNA_333	H210H	17.389107279408265	35.40549149383804	10.308358997849963	13.119021030038232	34.24782472886076	7.020828298006541
pegRNA_334	S224S	49.99368342829876	74.85732487268614	92.77523098064967	25.363440658073912	49.71458428383015	66.69786883106214
pegRNA_335	S224S	319.5248462591269	314.6030815595323	306.96002349153224	313.10730191691243	222.05847646777465	260.6482505634928
pegRNA_336	R234R	118.4632933409688	131.506111262827	115.68269542031625	122.44419628035683	133.67699329652106	127.25251290136856
pegRNA_337	R234R	208.66928735289918	234.68782933058358	192.4227012931993	239.64078414869837	226.47755062633732	236.95295505772077
pegRNA_338	L237L	76.07734434741116	62.718299217655954	79.03075231684971	42.85546869812489	133.67699329652106	64.94266175656051
pegRNA_339	L237L	19.5627456893343	23.266465838807854	37.79731632544986	23.61423785406882	39.771667427064116	23.695295505772076
pegRNA_340	N238N	136.93921982534007	78.9036667576962	121.4095615302329	115.44738506433643	130.36268767759904	109.70044215635221
pegRNA_341	N238N	131.505123800525	105.20488901026161	179.8235958513827	118.07118927034408	195.54403151639858	152.70301548164227
pegRNA_342	R240R	54.34096024815083	43.498175263858165	65.28627365304976	39.35706309011469	70.70518653700287	58.79943699580478
pegRNA_343	R240R	84.7718979871153	39.4518333788481	90.48448453668301	59.472895336173316	114.89592812262967	70.2082829800654
pegRNA_344	R260R	56.514598658076864	61.70671374640344	56.12328787718313	70.84271356220646	75.12426069556555	65.82026529381132
pegRNA_345	R260R	6.520915229778099	10.115854712525154	5.726866109916646	12.244419628035683	0.0	7.020828298006541
pegRNA_346	R272R	39.1254913786686	40.46341885010062	59.55940754313312	36.733258884107045	32.03828764957943	76.35150774082113
pegRNA_347	R272R	17.389107279408265	10.115854712525154	12.599105441816622	14.868223834043329	25.409676411735408	21.94008843127044
pegRNA_348	H274H	13.041830459556198	30.34756413757546	30.92507699354989	17.492028040050975	19.885833713532058	43.88017686254088
pegRNA_349	H274H	114.11601652111673	80.92683770020123	140.8809063039495	125.94260188836702	190.0201888181952	180.78632867366844
pegRNA_350	P278P	11.955011254593181	9.10426924127264	6.8722393318999755	15.742825236045878	9.942916856766029	8.776035372508176
pegRNA_351	P278P	141.28649664519216	101.15854712525154	178.67822262939936	198.53451825457856	180.0772719614292	185.1743463599225
pegRNA_352	L281L	89.11917480696735	71.8225684589286	57.268661099166465	68.21890935619881	59.657501140596175	76.35150774082113
pegRNA_353	L281L	42.38594899355765	50.57927356262577	53.83254143321648	62.096699542180964	55.238426982033495	53.533815772299874
pegRNA_354	C297C	14.128649664519216	21.243294896302825	14.88985188578328	40.23166449211725	14.361991015328709	13.164053058762265
pegRNA_355	C297C	107.59510129133864	110.26281636652418	104.22896320048297	121.56959487835428	102.7434741865823	157.09103316789637
pegRNA_356	Y300Y	128.24466618563596	131.506111262827	124.8456811961829	196.78531545057348	195.54403151639858	124.6197022896161
pegRNA_357	Y300Y	91.29281321689339	47.54451714886822	54.977914655199804	96.20615422028037	53.028889902752155	28.083313192026164
pegRNA_358	H311H	151.0678694898593	124.42501296405939	116.82806864229958	101.45376263229565	117.10546520191102	86.00514665058013
pegRNA_359	H311H	151.0678694898593	106.21647448151411	167.22449040956607	103.20296543630076	174.55342926322584	97.41399263484075
pegRNA_360	R320R	91.29281321689339	113.29757278028173	99.64747031254964	114.57278366233389	164.6105124064598	144.8045836463849
pegRNA_361	R320R	23.910022509186362	48.55610262012074	58.41403432114979	37.6078602861096	68.49564945772153	39.49215917628679
pegRNA_362	G332G	53.25414104318781	34.393906022585526	40.088062769416524	19.241230844056073	12.152453936047369	43.88017686254088
pegRNA_363	G332G	161.93606153948946	166.91160275666505	131.71792052808286	182.7916930185327	184.49634611999187	147.43739425813737
pegRNA_364	G333G	171.7174343841566	135.55245314783707	125.99105441816621	171.42187479249955	118.21023374155168	86.88275018783095
pegRNA_365	G333G	32.604576148890494	32.37073508008049	36.651943103466536	27.98724486408156	41.981204506345456	40.36976271353761
pegRNA_366	P361P	23.910022509186362	20.23170942505031	30.92507699354989	31.485650472091756	25.409676411735408	20.184881356768805
pegRNA_367	P361P	1.0868192049630165	3.0347564137575462	3.4361196659499877	6.122209814017841	1.10476853964067	1.7552070745016353
pegRNA_368	R362R	26.083660919112397	18.20853848254528	19.4713447737166	29.736447668086658	33.1430561892201	38.61455563903598
pegRNA_369	R362R	0.0	1.0115854712525154	1.1453732219833292	0.0	1.10476853964067	0.8776035372508176
pegRNA_370	G364G	1.0868192049630165	3.0347564137575462	4.581492887933317	6.99681121602039	2.20953707928134	2.632810611752453
pegRNA_371	G364G	7.607734434741116	5.057927356262577	21.762091217683256	17.492028040050975	26.514444951376078	1.7552070745016353
pegRNA_372	V369V	0.0	7.081098298767608	5.726866109916646	0.8746014020025488	3.3143056189220097	1.7552070745016353
pegRNA_373	V369V	15.215468869482232	17.196953011292763	14.88985188578328	34.109454678099404	14.361991015328709	52.65621223504906
pegRNA_374	G378G	9.78137284466715	3.0347564137575462	8.017612553883305	6.99681121602039	7.733379777484689	2.632810611752453
pegRNA_375	G378G	67.38279070770703	41.47500432135313	72.15851298494974	49.85227991414528	23.200139332454068	29.838520266527798
pegRNA_376	R413R	111.9423781111907	124.42501296405939	161.49762429964943	124.19339908436193	149.14375285149043	129.0077199758702
pegRNA_377	R413R	73.90370593748513	57.66037186139338	90.48448453668301	95.33155281827781	123.73407643975503	111.45564923085384
pegRNA_378	N414N	61.94869468289194	40.46341885010062	62.99552720908311	58.59829393417077	34.24782472886076	64.94266175656051
pegRNA_379	N414N	192.36699927845393	112.28598730902921	131.71792052808286	167.0488677824868	159.08666970825647	141.29416949738163
pegRNA_380	R415R	229.3188522471965	179.05062841169521	184.405088739316	173.17107759650466	255.20153265699474	207.11443479119296
pegRNA_381	R415R	72.81688673252211	67.77622657391854	74.4492594289164	79.58872758223194	122.62930790011436	74.5963006663195
pegRNA_382	I416I	0.0	0.0	0.0	0.0	0.0	0.0
pegRNA_383	I416I	74.99052514244813	67.77622657391854	97.35672386858299	57.723692532168215	45.29551012526747	77.22911127807195
pegRNA_384	G430G	30.430937738964463	16.185367540040247	38.9426895474332	17.492028040050975	69.6004179973622	55.28902284680151
pegRNA_385	G430G	57.60141786303988	60.69512827515092	57.268661099166465	57.723692532168215	104.95301126586364	59.677040533055596
pegRNA_386	G462G	204.32201053304712	142.63355144660468	179.8235958513827	146.93303553642818	124.8388449793957	152.70301548164227
pegRNA_387	G462G	178.2383496139347	183.09697029670528	139.73553308196617	188.039301430548	159.08666970825647	143.04937657188327
pegRNA_388	V465V	55.42777945311384	28.32439319507043	45.814928879333166	37.6078602861096	64.07657529915886	78.10671481532277
pegRNA_389	V465V	39.1254913786686	30.34756413757546	58.41403432114979	51.60148271815038	58.55273260095551	50.02340162329661
pegRNA_390	G480G	370.60534889238863	440.0396799948442	404.31674736011524	374.3294000570909	417.6025079841732	467.7626853546858
pegRNA_391	G480G	148.89423107993326	126.44818390656442	162.64299752163276	166.17426638048426	151.35328993077178	139.53896242288
pegRNA_392	S508S	68.46960991267004	91.04269241272638	73.30388620693307	46.35387430613508	79.54333485412823	114.9660633798571
pegRNA_393	S508S	99.98736685659752	74.85732487268614	104.22896320048297	91.83314721026763	88.38148317125359	149.192601332639
pegRNA_394	A510A	91.29281321689339	58.671957332645896	75.59463265089973	75.2157205722192	79.54333485412823	100.04680324659321
pegRNA_395	A510A	18.475926484371282	10.115854712525154	22.907464439666583	30.61104907008921	22.095370792813398	16.674467207765534
pegRNA_396	G524G	1507.418237283704	1626.6294377740448	1412.245182705445	1845.408958225378	1678.1434117141775	1652.5274606432897
pegRNA_397	G524G	4574.422033689337	4628.003530980258	4393.651679528051	3349.7233696697617	3760.6321089368403	3922.8878115111547
pegRNA_398	R536R	31.51775694392748	26.301222252565402	25.198210883633244	37.6078602861096	27.619213491016747	36.85934856453434
pegRNA_399	R536R	118.4632933409688	146.67989333161472	100.79284353453298	140.81082572241036	167.92481802538182	153.5806190188931
pegRNA_400	G558G	48.906864223335745	31.359149608827977	35.50656988148321	48.103077110140184	26.514444951376078	35.98174502728352
pegRNA_401	G558G	231.49249065712252	273.1280772381792	222.20240506476588	275.49944163080283	278.4016719894488	311.5492557240403
pegRNA_402	V568V	79.3378019623002	62.718299217655954	66.4316468750331	83.96173459224468	49.71458428383015	50.02340162329661
pegRNA_403	V568V	952.0536235476025	1024.736082378798	859.029916487497	887.720423032587	858.4051553008005	849.5202240587914
pegRNA_404	Y572Y	556.4514329410645	584.6964023839539	574.9773574356312	465.28794586535594	447.4312585544713	422.1273014176433
pegRNA_405	Y572Y	118.4632933409688	147.69147880286724	127.13642764014955	158.30285376246133	125.94361351903638	159.7238437796488
pegRNA_406	R601R	166.28333835934154	168.93477369917008	200.44031384708262	152.18064394844347	287.2398203065742	235.19774798321913
pegRNA_407	R601R	149.98105028489627	113.29757278028173	158.06150463369943	114.57278366233389	191.12495735783588	143.9269801091341
pegRNA_408	G603G	151.0678694898593	117.34391466529179	159.20687785568276	159.17745516446388	152.45805847041245	134.2733411993751
pegRNA_409	G603G	104.33464367644959	139.59879503284714	170.66061007551605	137.31242011440017	185.60111465963254	196.58319234418315
pegRNA_410	safe-target-1	2154.0756642366987	2470.2917207986425	2074.270905011809	1878.6438115014748	2188.546477028167	2318.62854541666
pegRNA_411	safe-target-2	577.1009978353618	615.0439665215293	530.3078017782815	739.0381846921537	507.0887596950675	561.6662638405232
pegRNA_412	safe-target-3	1244.407989682654	1379.802582788431	1131.6287433195293	1525.304845092445	1098.139928402826	1297.0980280567085
pegRNA_413	safe-target-4	2269.2784999627784	2499.6276994649656	2144.1386715527924	1703.723531100965	1819.5537847881833	1905.277279371525
pegRNA_414	safe-target-5	1419.3858816816996	1643.8263907853375	1362.9941341601618	1133.4834169953033	1237.3407643975502	1315.5277023389756
pegRNA_415	safe-target-6	2581.195611787164	3351.3826662595834	2272.4204724149254	3118.828599541089	2924.3223244288533	3553.416722328561
pegRNA_416	safe-target-7	2890.939085201624	3312.942418351988	2771.803197199657	3054.982697194903	2960.7796862369955	3166.39356240095
pegRNA_417	safe-target-8	2820.295836879028	3439.3906022585525	2326.2530138481416	2899.303647638449	3028.1705671550762	3513.046959615023
pegRNA_418	safe-target-9	190.1933608685279	172.98111558418015	132.8632937500662	79.58872758223194	159.08666970825647	108.82283861910139
pegRNA_419	safe-target-10	439.07495880505866	711.1445862905183	435.2418243536651	2134.027420886219	1316.8840992516784	1532.2957760399277
pegRNA_420	safe-target-11	330.393038308757	324.7189362720574	297.7970377156656	301.73748369087934	308.2304225597469	302.7732203515321
pegRNA_421	safe-target-12	55.42777945311384	39.4518333788481	57.268661099166465	40.23166449211725	18.78106517389139	51.77860869779824
pegRNA_422	safe-target-13	79.3378019623002	60.69512827515092	62.99552720908311	45.479272904132536	17.67629663425072	37.73695210178516
pegRNA_423	safe-target-14	3085.479722890004	3908.7662609197196	2709.953043212557	3127.5746135611143	3432.5158526635614	4157.207955957123
pegRNA_424	safe-target-15	308.6566542094967	468.3640731899146	230.22001761864917	1900.5088465515385	1338.979470044492	1699.9180516548338
pegRNA_425	safe-target-16	7117.578973302795	9030.423501871204	6266.336897470795	6831.511551041908	7094.8235615723825	8389.012212580566
pegRNA_426	safe-target-17	6157.917615320452	7730.536171311723	5343.166080552231	5345.563769039578	6317.06650966535	7955.476065178662
pegRNA_427	safe-target-18	6717.629505876405	7975.339855354831	5490.919226188081	6193.052527580048	6306.018824268944	8009.009880950962
pegRNA_428	safe-target-19	4498.344689341925	5509.094476441199	4612.417964926867	4343.270562344657	4297.549619202206	5659.665211730523
pegRNA_429	safe-target-20	3596.284749222622	5214.723104306717	3422.3751872861876	4135.11542866805	4718.466432805301	5919.435858756765
pegRNA_430	safe-target-21	2807.254006419472	3281.58326874316	2228.896289979559	3101.3365715010377	3151.904643594831	3854.434735605591
pegRNA_431	safe-target-22	2405.1309005831554	2955.85274699985	2219.733304203692	2371.919002230912	2693.425699643953	2792.5344555321017
pegRNA_432	safe-target-23	3098.5215533495602	3906.7430899772144	2760.3494649798236	3308.617103775642	3301.0483964463215	3828.1066294880666
pegRNA_433	safe-target-24	30.430937738964463	10.115854712525154	18.325971551733268	21.865035050063717	32.03828764957943	4.388017686254088
pegRNA_434	safe-target-25	533.6282296368411	558.3951801313885	438.6779440196151	830.8713319024213	654.0229754672766	796.8640118237424
pegRNA_435	safe-target-26	277.1388972655692	326.74210721456245	247.40061594839912	721.5461566521027	549.069964201413	631.8745468205886
pegRNA_436	safe-target-27	2906.1545540711063	3170.308866905383	2516.3849686973745	2535.469464405389	2584.053614219527	3196.2320826674777
pegRNA_437	safe-target-28	170.6306151791936	181.07379935420025	148.8985188578328	241.38998695270345	131.46745621723971	148.31499779538817
pegRNA_438	safe-target-29	252.14205555141984	228.61831650306848	215.3301657328659	179.2932874105225	133.67699329652106	189.5623640461766
pegRNA_439	safe-target-30	1.0868192049630165	12.139025655030185	0.0	14.868223834043329	0.0	4.388017686254088
pegRNA_440	safe-target-31	3312.6249367272744	4415.57058201723	3219.6441269951383	3304.2440967656294	3359.601129047277	4247.601120293957
pegRNA_441	safe-target-32	3947.327352425676	4603.725479670197	3394.886229958588	3715.306755706827	3658.9934032898987	4502.106146096695
pegRNA_442	safe-target-33	3937.545979581009	5078.159065687627	3922.9032852929026	3372.463006121828	3175.104782927285	4038.7314784282626
pegRNA_443	safe-target-34	66.29597150274401	66.76464110266602	52.68716821123314	57.723692532168215	69.6004179973622	24.572899043022893
pegRNA_444	safe-target-35	2164.943856286329	2846.6015161045784	2118.940460669159	1863.7755876674314	2026.1455017009887	2409.8993132907453
pegRNA_445	safe-target-36	2129.078822522549	2776.802118588155	2216.297184537742	2120.0337984541784	2160.9272635371503	2559.969518160635
pegRNA_446	safe-target-37	7854.44239426772	9208.462544811648	7485.014005661056	6602.365983717241	6950.098882879454	7207.757851440965
pegRNA_447	safe-target-38	6063.364344488669	6928.348892608478	5148.452632815065	5677.912301800547	5570.242976868258	6526.73750653433
pegRNA_448	safe-target-39	7601.213519511338	8911.05641626341	6658.0545393890925	5992.768806521464	6666.173368191802	7356.072849236353
pegRNA_449	safe-target-40	6636.118065504179	7843.833744092004	5922.7249308757955	5664.793280770508	5837.596963461299	6605.721824886904
pegRNA_450	safe-target-41	1508.505056488667	1853.2245833346083	1453.4786186968447	1576.031726408593	1345.608081282336	1654.2826677177911
pegRNA_451	safe-target-42	383.6471793519448	478.4799279024398	306.96002349153224	520.3878341915165	492.72676867973877	599.4032159423084
pegRNA_452	safe-target-43	451.0299700596519	464.31773130490456	387.1361490303653	530.8830510155472	546.8604271221316	728.4109359181787
pegRNA_453	safe-target-44	4042.9674424624213	4726.127321691752	3207.045021553322	4175.347093160168	4601.36096760339	5502.574178562627
pegRNA_454	safe-target-45	4767.875852172753	5505.048134556188	4787.660067890316	4322.280128696596	4396.978787769866	5079.569273607733
pegRNA_455	safe-target-46	2977.8846215986655	3459.6223116836027	2829.0718582988234	2936.911507924559	2596.2060681555745	2932.073417954982
pegRNA_456	safe-target-47	1860.6344788966844	2494.569772108703	1910.4825342681931	2225.8605680964865	2292.39471975439	2717.0605513285313
pegRNA_457	safe-target-48	2143.2074721870686	2167.8276648941405	2115.504341003209	1752.7012096131077	1776.4678117421972	1892.9908298500136
pegRNA_458	safe-target-49	3436.5223260930584	3378.6954739834014	3211.626514441255	2469.8743592551978	2354.2617579742678	2903.112501225705
pegRNA_459	safe-target-50	1393.3022207625872	1495.1233265112178	1231.276213632079	1060.8915006290918	972.1963148837895	1217.2361061668842
pegRNA_460	non-target-1	3299.583106267718	3311.9308328807356	3042.1112775877223	2393.784037280976	2426.071713050911	2079.042779747187
pegRNA_461	non-target-2	1132.4656115714633	865.9171633921532	1066.3424696664795	542.2528692415802	895.9672856485832	625.731322059833
pegRNA_462	non-target-3	0.0	0.0	1.1453732219833292	1.7492028040050975	0.0	0.0
pegRNA_463	non-target-4	635.7892349033647	592.789086153974	554.3606394399313	559.7448972816312	482.78385182297274	451.08821814692027
pegRNA_464	non-target-5	2169.291133106181	1668.1044420953979	2620.613931897857	1035.5280599710177	2416.1287961941453	1596.3608342592372
pegRNA_465	non-target-6	1099.8610354225727	1256.389155295624	1005.637688901363	906.0870524746405	1046.2158070397145	952.1998379171372
pegRNA_466	non-target-7	1742.1711855557155	1890.6532457709513	1521.0556387938611	1374.8734039480066	1440.6181756914336	1605.1368696317454
pegRNA_467	non-target-8	1545.4569094574094	1938.1977629198195	1766.1655082982936	1101.1231651212088	1126.8639104334834	1591.0952130357323
pegRNA_468	non-target-9	745.5579746046293	694.959218750478	736.4749817352807	507.2688131614783	457.37417541123733	616.9552866873248
pegRNA_469	non-target-10	2599.6715382715356	3018.571046217506	2597.7064674581907	1848.0327624313854	1999.6310567496125	2268.6051437933634
pegRNA_470	non-target-11	1661.7465643884523	1654.9538309691152	1348.1042822743784	1401.9860474100856	1262.7504408092857	1395.3896242288001
pegRNA_471	non-target-12	1510.678694898593	1866.375194460891	1648.1920664340107	1214.8213473815401	1211.9310879858149	1489.2932027146376
pegRNA_472	non-target-13	2709.4402779728002	2876.9490802421537	2699.644684214707	2096.4195606001094	1922.2972589747656	2448.513868929781
pegRNA_473	non-target-14	1834.550817977572	2145.572784526585	1874.97596438671	1740.456789985072	1642.7908184456762	1821.9049433326975
pegRNA_474	non-target-15	1797.5989650088293	2064.645946826384	1589.778032112861	1345.13695627992	1397.5322026454473	1343.6110155310018
pegRNA_475	non-target-16	1597.6242312956342	1673.1623694516604	1570.3066873391444	1197.3293193414893	1376.5416003922746	1594.6056271847356
pegRNA_476	non-target-17	1258.5366393471731	1059.1299884013836	1149.9547148712625	781.8936533902786	796.538117080923	785.4551658394818
pegRNA_477	non-target-18	2970.276887163924	3619.4528161415	3039.820531143756	2206.6193372524303	2633.768198503357	3052.3051025583436
pegRNA_478	non-target-19	2216.0243589195907	2363.063660845876	2217.4425577597253	1714.2187479249956	1930.0306387522503	2117.657335386223
pegRNA_479	non-target-20	2698.57208592317	2970.0149435973854	2745.4596130940404	2067.557714334025	1996.3167511306906	2593.3184525761662
pegRNA_480	non-target-21	3085.479722890004	3415.112550948492	3062.7279955834224	2208.3685400564354	2269.194580421936	2548.5606721763743
pegRNA_481	non-target-22	2880.070893151994	3221.8997259392618	2850.8339495165064	1976.5991685257602	2096.8506882379916	2489.7612351805697
pegRNA_482	non-target-23	3500.644659185876	3924.95162845976	3384.577870960738	3129.3238163651195	2465.843380477975	2869.763566810174
pegRNA_483	non-target-24	3503.9051168007654	3542.572320326309	3287.2211470921548	2176.882889584344	2491.2530568897105	2575.76638183115
pegRNA_484	non-target-25	2259.497127118111	2348.9014642483407	2104.050608783376	1541.9222717304935	1448.3515554689181	2024.6313604376362
pegRNA_485	non-target-26	1270.4916506017664	1203.7867107904933	1230.1308404100955	931.4504931327144	937.9484901549288	958.3430626778928
pegRNA_486	non-target-27	2483.381883340493	2413.642934408502	2132.684939332959	2154.1432531322776	1951.021241005423	2236.133812915083
pegRNA_487	non-target-28	1760.6471120400868	1926.0587372647894	1863.5222321668766	1215.6959487835427	1125.7591418938425	1320.7933235624805
pegRNA_488	non-target-29	3636.497059806253	4179.871167215394	3539.2032559284876	2780.3578569661026	2790.645331132332	3631.5234371438833
pegRNA_489	non-target-30	3421.306857223576	3732.750388921782	3207.045021553322	2535.469464405389	2715.5210704367664	2764.4511423400754
pegRNA_490	non-target-31	4391.83640725555	5071.07796738886	4202.374351456835	2838.9561509002733	3102.1900593110013	3919.3773973621514
pegRNA_491	non-target-32	2492.076436980197	2472.3148917411477	2281.583458190792	1518.3080338764246	1821.7633218674646	1905.277279371525
pegRNA_492	non-target-33	1588.9296776559302	1844.1203140933355	1541.6723567895613	1128.235808583288	1408.579888041854	1342.733411993751
pegRNA_493	non-target-34	2112.776534448104	1998.8928911949704	1907.0464146022432	1702.8489296989624	1556.6188723537039	1520.0093265184162
pegRNA_494	non-target-35	2589.8901654268684	2490.523430223693	2165.9007627704755	2011.5832246058621	2149.8795781407434	2146.6182521155
pegRNA_495	non-target-36	3564.766992278694	3763.097953059357	3221.934873439105	2028.2006512439107	2491.2530568897105	2894.3364658531964
pegRNA_496	non-target-37	1983.4450490575052	2255.8356008931096	1855.5046196129933	1374.8734039480066	1651.6289667628016	1748.1862462036288
pegRNA_497	non-target-38	1535.6755366127425	1603.3629719352368	1485.549068912378	1153.5992492413618	1039.5871958018704	1248.8298335079135
pegRNA_498	non-target-39	3222.418942715344	3611.36013237148	3155.503226564072	2473.372764863208	2531.0247243167746	3134.7998350599205
pegRNA_499	non-target-40	2834.424486543547	2908.3082298509817	2645.8121427814904	2023.827644233898	2175.289254552479	2340.5686338479304
pegRNA_500	non-target-41	1580.235124016226	1744.984937910589	1562.2890747852612	1141.354829613326	1282.6362745228178	1367.3063110367739
