id	num	neg|score	neg|p-value	neg|fdr	neg|rank	neg|goodsgrna	neg|lfc	pos|score	pos|p-value	pos|fdr	pos|rank	pos|goodsgrna	pos|lfc
S45S	6	6.6292e-05	0.029051	1.0	1	5	-1.2261	0.99798	0.73354	0.9261	160	0	-1.2261
p.I416F	15	0.00018446	0.31084	1.0	2	5	-0.031672	0.22994	0.00018427	0.000594	60	4	-0.031672
safe-target-30	3	0.001005	0.0367	1.0	3	1	1.4214	0.0034921	4.9804e-06	3.2e-05	9	2	1.4214
safe-target-13	3	0.0011321	0.042209	1.0	4	3	-0.78949	0.99887	0.95891	1.0	161	0	-0.78949
p.R71L	15	0.0017254	0.54055	1.0	5	7	-0.25168	0.95968	0.11721	0.164424	151	1	-0.25168
G332G	6	0.0048506	0.26778	1.0	6	2	0.13552	0.93962	0.094562	0.144709	144	0	0.13552
p.W252L	15	0.0058355	0.69045	1.0	7	4	-0.10921	0.8343	0.1172	0.164424	127	1	-0.10921
G364G	6	0.006017	0.30016	1.0	8	2	0.38654	0.0011987	4.9804e-06	3.2e-05	7	3	0.38654
p.A184G	15	0.007797	0.72383	1.0	9	5	-0.13096	0.96442	0.11721	0.164424	152	1	-0.13096
G378G	6	0.0084074	0.33946	1.0	10	3	-0.62132	0.38334	0.0010807	0.002729	82	1	-0.62132
R260R	6	0.010012	0.35181	1.0	11	1	0.26678	0.57539	0.048892	0.079663	100	1	0.26678
p.V369L	15	0.017602	0.80728	1.0	12	3	0.22064	0.036779	4.9804e-06	3.2e-05	18	4	0.22064
p.C171F	15	0.018923	0.82176	1.0	13	5	-0.22017	0.063393	4.9804e-06	3.2e-05	26	2	-0.22017
safe-target-49	3	0.021293	0.2111	1.0	14	2	-0.47635	0.95059	0.4476	0.579586	147	0	-0.47635
p.V465L	15	0.022185	0.84901	1.0	15	6	-0.1513	0.15957	1.4941e-05	7.5e-05	49	3	-0.1513
safe-target-24	3	0.0269	0.28071	1.0	16	1	-0.45904	0.052343	0.00016435	0.000594	23	1	-0.45904
C171C	6	0.031743	0.52917	1.0	17	2	-0.21653	0.95732	0.094562	0.144709	150	0	-0.21653
V369V	6	0.042202	0.58658	1.0	18	2	-0.17304	0.045906	4.9804e-06	3.2e-05	21	2	-0.17304
safe-target-9	3	0.050402	0.40886	1.0	19	1	-0.28558	0.92453	0.37972	0.504626	141	0	-0.28558
safe-target-4	3	0.052646	0.41889	1.0	20	2	-0.41333	0.95705	0.47946	0.612975	149	0	-0.41333
safe-target-39	3	0.053128	0.41889	1.0	21	2	-0.34296	0.69209	0.047906	0.079663	111	0	-0.34296
p.W403C	15	0.053891	0.90574	1.0	22	2	0.26722	0.076088	4.9804e-06	3.2e-05	31	5	0.26722
H311H	6	0.056513	0.66145	1.0	23	3	-0.49141	0.48797	0.048892	0.079663	91	1	-0.49141
p.R272C	15	0.063393	0.9202	1.0	24	1	0.17175	0.23114	0.00018427	0.000594	61	4	0.17175
P361P	6	0.066237	0.67733	1.0	25	2	-0.1384	0.068344	1.4941e-05	7.5e-05	28	1	-0.1384
p.G332C	15	0.066889	0.9231	1.0	26	4	-0.16493	0.2738	0.00018427	0.000594	67	3	-0.16493
safe-target-33	3	0.067778	0.49127	1.0	27	1	-0.22343	0.83969	0.11702	0.164424	128	0	-0.22343
p.R71W	15	0.068594	0.9274	1.0	28	3	-0.26307	0.98523	0.11721	0.164424	158	0	-0.26307
p.G333C	15	0.09916	0.94964	1.0	29	3	-0.1436	0.56656	0.006858	0.014917	99	2	-0.1436
p.P278S	15	0.10899	0.95423	1.0	30	3	-0.066686	0.11856	4.9804e-06	3.2e-05	41	4	-0.066686
safe-target-34	3	0.12048	0.56068	1.0	31	1	-0.19658	0.84671	0.16095	0.224221	129	0	-0.19658
p.L237V	15	0.12876	0.9615	1.0	32	3	-0.021308	0.19565	0.00018427	0.000594	54	4	-0.021308
safe-target-12	3	0.13881	0.58052	1.0	33	1	-0.45265	0.93577	0.39748	0.524776	143	0	-0.45265
p.H210P	15	0.15364	0.96804	1.0	34	1	0.088517	0.004857	4.9804e-06	3.2e-05	10	6	0.088517
S102S	6	0.15629	0.79302	1.0	35	2	-0.36795	0.41232	0.0010807	0.002729	84	1	-0.36795
p.S224F	15	0.17205	0.97522	1.0	36	3	-0.38292	0.93574	0.11721	0.164424	142	1	-0.38292
safe-target-50	3	0.17293	0.62061	1.0	37	1	-0.39291	0.88215	0.24538	0.33266	136	0	-0.39291
p.R260L	14	0.17544	0.97561	1.0	38	3	0.067531	0.29252	0.00016435	0.000594	70	2	0.067531
p.Glu82Asp	15	0.17784	0.97576	1.0	39	3	0.259	0.23801	0.00018427	0.000594	62	4	0.259
p.G378C	15	0.18515	0.97704	1.0	40	3	-0.22057	0.13629	1.4941e-05	7.5e-05	45	5	-0.22057
p.R234W	15	0.18717	0.97704	1.0	41	4	-0.17467	0.98151	0.11721	0.164424	157	0	-0.17467
L237L	6	0.1905	0.83993	1.0	42	2	-0.0099411	0.17692	0.0010708	0.002729	51	2	-0.0099411
safe-target-29	3	0.19052	0.63977	1.0	43	1	-0.4896	0.94727	0.43125	0.56566	146	0	-0.4896
p.S45F	15	0.19784	0.98249	1.0	44	4	-0.16341	0.086768	4.9804e-06	3.2e-05	32	3	-0.16341
safe-target-40	3	0.22495	0.66711	1.0	45	1	-0.22828	0.66859	0.047906	0.079663	108	0	-0.22828
p.V155F	15	0.23446	0.98627	1.0	46	3	-0.15778	0.65972	0.0068679	0.014917	106	2	-0.15778
safe-target-35	3	0.24179	0.6733	1.0	47	1	-0.21599	0.66181	0.047906	0.079663	107	0	-0.21599
S224S	6	0.24367	0.89719	1.0	48	2	-0.48539	0.98773	0.43406	0.565684	159	0	-0.48539
safe-target-37	3	0.24846	0.68662	1.0	49	1	-0.25049	0.90428	0.28535	0.381727	139	0	-0.25049
p.Y300C	15	0.25121	0.98656	1.0	50	2	0.23724	0.33133	0.00019423	0.000594	77	2	0.23724
p.G603V	15	0.30703	0.99058	1.0	51	3	0.25946	0.063062	4.9804e-06	3.2e-05	25	4	0.25946
Y300Y	6	0.30711	0.9108	1.0	52	1	0.11463	0.24207	0.0010708	0.002729	63	2	0.11463
E192E	6	0.31007	0.91081	1.0	53	1	-0.18373	0.69739	0.048902	0.079663	114	1	-0.18373
safe-target-41	3	0.31613	0.77619	1.0	54	1	0.063136	0.67434	0.047906	0.079663	110	0	0.063136
p.L281M	15	0.32452	0.99139	1.0	55	3	-0.26987	0.97255	0.11721	0.164424	155	0	-0.26987
safe-target-46	3	0.32699	0.79654	1.0	56	1	-0.019981	0.83185	0.094274	0.144709	126	0	-0.019981
safe-target-31	3	0.33008	0.79655	1.0	57	1	-0.0036535	0.37814	0.024469	0.047092	80	1	-0.0036535
safe-target-16	3	0.33927	0.80276	1.0	58	1	-0.059173	0.32235	0.024469	0.047092	76	1	-0.059173
p.P361L	15	0.34501	0.992	1.0	59	3	0.29115	0.029798	4.9804e-06	3.2e-05	17	5	0.29115
safe-target-18	3	0.36931	0.82341	1.0	60	1	-0.11728	0.22155	0.00017431	0.000594	57	1	-0.11728
safe-target-19	3	0.37079	0.82342	1.0	61	1	-0.050601	0.48813	0.024479	0.047092	92	1	-0.050601
p.G524C	15	0.3773	0.99392	1.0	62	3	-0.27279	0.36504	0.00019423	0.000594	79	1	-0.27279
safe-target-5	3	0.39843	0.85026	1.0	63	1	-0.32425	0.89783	0.26568	0.35778	138	0	-0.32425
p.M550K	15	0.40367	0.99484	1.0	64	3	-0.0042211	0.0001316	4.9804e-06	3.2e-05	4	5	-0.0042211
p.G430C	15	0.4066	0.99501	1.0	65	3	0.12138	0.43858	0.00019423	0.000594	86	3	0.12138
I416I	3	0.42106	0.86969	1.0	66	0	-0.37188	0.97745	0.65927	0.83756	156	0	-0.37188
safe-target-36	3	0.43492	0.88849	1.0	67	0	-0.0061392	0.62544	0.047906	0.079663	104	0	-0.0061392
safe-target-38	3	0.43766	0.8885	1.0	68	0	-0.094742	0.43217	0.024479	0.047092	85	1	-0.094742
G524G	6	0.44511	0.93452	1.0	69	1	-0.059256	0.78867	0.048902	0.079663	124	0	-0.059256
safe-target-45	3	0.4499	0.89996	1.0	70	0	-0.14152	0.78667	0.047916	0.079663	123	0	-0.14152
p.H311R	15	0.45118	0.99734	1.0	71	2	-0.082901	0.55566	0.006858	0.014917	98	3	-0.082901
safe-target-32	3	0.45662	0.91021	1.0	72	0	-0.087372	0.36338	0.024469	0.047092	78	1	-0.087372
G430G	6	0.46927	0.94429	1.0	73	1	0.27668	0.037601	4.9804e-06	3.2e-05	19	2	0.27668
safe-target-17	3	0.47777	0.91922	1.0	74	0	-0.20406	0.19401	0.00017431	0.000594	53	1	-0.20406
p.R413L	15	0.48464	0.99766	1.0	75	1	0.226	0.39782	0.00019423	0.000594	83	3	0.226
safe-target-28	3	0.49454	0.91923	1.0	76	0	-0.005627	0.4526	0.024479	0.047092	87	1	-0.005627
safe-target-27	3	0.53548	0.93994	1.0	77	0	-0.19679	0.46859	0.024479	0.047092	89	1	-0.19679
p.R240L	13	0.53764	0.99598	1.0	78	2	0.039722	0.015276	4.9804e-06	3.2e-05	12	6	0.039722
safe-target-3	3	0.54268	0.9435	1.0	79	0	0.19672	0.54625	0.024479	0.047092	96	0	0.19672
V155V	6	0.55736	0.96352	1.0	80	1	-0.32833	0.92236	0.094562	0.144709	140	0	-0.32833
safe-target-48	3	0.56729	0.95019	1.0	81	0	-0.28709	0.95351	0.46372	0.596631	148	0	-0.28709
p.W252C	15	0.57281	0.99864	1.0	82	2	-0.030966	0.69572	0.0068679	0.014917	112	2	-0.030966
p.R362Q	15	0.5821	0.9987	1.0	83	2	0.11199	0.12853	1.4941e-05	7.5e-05	43	5	0.11199
p.S102L	15	0.59125	0.99872	1.0	84	2	0.086066	0.54766	0.006858	0.014917	97	3	0.086066
safe-target-23	3	0.59651	0.95628	1.0	85	0	0.094619	0.30829	0.024469	0.047092	72	1	0.094619
p.G462V	15	0.60027	0.99873	1.0	86	2	0.054789	0.073834	4.9804e-06	3.2e-05	29	3	0.054789
R71R	6	0.62052	0.97373	1.0	87	1	-0.2663	0.94266	0.094562	0.144709	145	0	-0.2663
p.V568F	15	0.62081	0.99878	1.0	88	2	0.15041	0.71501	0.0068679	0.014917	116	2	0.15041
safe-target-2	3	0.63373	0.9737	1.0	89	0	0.082732	0.51094	0.024479	0.047092	95	0	0.082732
R362R	5	0.64991	0.98293	1.0	90	0	0.18253	0.10322	0.00057274	0.001727	37	2	0.18253
p.G364C	15	0.65802	0.99917	1.0	91	1	0.31248	0.0062579	4.9804e-06	3.2e-05	11	6	0.31248
H274H	6	0.66645	0.98315	1.0	92	0	0.37737	0.17645	0.0010708	0.002729	50	1	0.37737
safe-target-6	3	0.67338	0.98489	1.0	93	0	0.27287	0.17823	0.00017431	0.000594	52	1	0.27287
safe-target-14	3	0.68189	0.9849	1.0	94	0	0.019543	0.19575	0.00017431	0.000594	55	1	0.019543
G333G	6	0.68223	0.98746	1.0	95	0	-0.099209	0.85251	0.094552	0.144709	131	0	-0.099209
p.G558R	15	0.68573	0.99935	1.0	96	2	0.21375	0.051008	4.9804e-06	3.2e-05	22	4	0.21375
safe-target-1	3	0.69025	0.98767	1.0	97	0	-0.17463	0.69936	0.047916	0.079663	115	0	-0.17463
safe-target-8	3	0.69117	0.98767	1.0	98	0	0.039846	0.22495	0.00017431	0.000594	58	1	0.039846
S508S	6	0.69291	0.98984	1.0	99	0	0.057612	0.31189	0.0010807	0.002729	73	2	0.057612
Y572Y	6	0.70182	0.99163	1.0	100	0	-0.24288	0.77277	0.048902	0.079663	121	0	-0.24288
R320R	6	0.70328	0.99163	1.0	101	0	0.51129	0.074391	1.4941e-05	7.5e-05	30	3	0.51129
V465V	6	0.71337	0.99164	1.0	102	0	0.57371	0.022489	4.9804e-06	3.2e-05	14	3	0.57371
safe-target-7	3	0.72393	0.99213	1.0	103	0	0.079599	0.64292	0.047906	0.079663	105	0	0.079599
C297C	6	0.72454	0.99336	1.0	104	0	0.036846	0.15571	0.0010708	0.002729	48	2	0.036846
G462G	6	0.72863	0.99336	1.0	105	0	-0.19621	0.9711	0.18129	0.249121	153	0	-0.19621
H210H	6	0.72998	0.99336	1.0	106	0	0.20601	0.09328	1.4941e-05	7.5e-05	35	3	0.20601
safe-target-20	3	0.73486	0.99298	1.0	107	0	0.20137	0.1075	0.00016435	0.000594	39	1	0.20137
R240R	6	0.73534	0.99336	1.0	108	0	-0.25503	0.09086	1.4941e-05	7.5e-05	33	2	-0.25503
safe-target-22	3	0.76209	0.99618	1.0	109	0	-0.020052	0.48167	0.024479	0.047092	90	1	-0.020052
safe-target-47	3	0.77867	0.99618	1.0	110	0	0.25844	0.29085	0.024469	0.047092	69	1	0.25844
p.N238K	15	0.78781	0.99973	1.0	111	1	0.13895	0.14267	1.4941e-05	7.5e-05	47	5	0.13895
R415R	6	0.79519	0.99682	1.0	112	0	0.14666	0.2808	0.0010708	0.002729	68	2	0.14666
safe-target-11	3	0.79933	0.99673	1.0	113	0	-0.074945	0.86388	0.18264	0.249273	133	0	-0.074945
A510A	6	0.80154	0.99683	1.0	114	0	0.41621	0.24367	0.0010708	0.002729	65	2	0.41621
p.C297F	15	0.82065	0.9998	1.0	115	1	0.0064314	0.58185	0.006858	0.014917	101	3	0.0064314
R601R	6	0.82345	0.99753	1.0	116	0	0.051292	0.10554	1.4941e-05	7.5e-05	38	2	0.051292
V568V	6	0.82627	0.99753	1.0	117	0	-0.17804	0.97254	0.18129	0.249121	154	0	-0.17804
L281L	6	0.83272	0.99794	1.0	118	0	0.058442	0.72591	0.048902	0.079663	118	1	0.058442
safe-target-21	3	0.84205	0.99882	1.0	119	0	0.14368	0.11863	0.00016435	0.000594	42	1	0.14368
p.M161I	15	0.8487	0.99984	1.0	120	1	0.25242	0.50672	0.006858	0.014917	93	3	0.25242
safe-target-44	3	0.85407	0.99904	1.0	121	0	0.04647	0.11493	0.00016435	0.000594	40	1	0.04647
R413R	6	0.86126	0.9992	1.0	122	0	0.27864	0.25521	0.0010708	0.002729	66	1	0.27864
R272R	6	0.87104	0.99945	1.0	123	0	0.1322	0.20586	0.0010708	0.002729	56	2	0.1322
safe-target-42	3	0.89739	0.99986	1.0	124	0	0.43882	0.092132	0.00016435	0.000594	34	2	0.43882
p.Q163L	15	0.89785	0.99991	1.0	125	1	0.11505	0.29257	0.00018427	0.000594	71	4	0.11505
p.R601L	15	0.90367	0.99991	1.0	126	1	0.26293	0.023144	4.9804e-06	3.2e-05	15	4	0.26293
G603G	6	0.90798	0.99988	1.0	127	0	0.28888	0.7716	0.048902	0.079663	120	0	0.28888
N238N	6	0.90962	0.99989	1.0	128	0	-0.14964	0.13779	0.0010708	0.002729	46	2	-0.14964
G558G	6	0.91335	0.99994	1.0	129	0	0.023074	0.6959	0.048902	0.079663	113	1	0.023074
Q163Q	6	0.91594	0.99994	1.0	130	0	-0.021069	0.78422	0.048902	0.079663	122	0	-0.021069
N414N	6	0.91895	0.99995	1.0	131	0	-0.017832	0.719	0.048902	0.079663	117	1	-0.017832
G480G	6	0.92519	0.99996	1.0	132	0	0.085897	0.89144	0.094552	0.144709	137	0	0.085897
p.W450L	15	0.93417	0.99997	1.0	133	0	-0.11649	0.86351	0.1172	0.164424	132	1	-0.11649
G186G	6	0.94413	1.0	1.0	134	0	0.066883	0.040398	4.9804e-06	3.2e-05	20	2	0.066883
p.Y572C	15	0.94645	0.99999	1.0	135	0	0.32772	0.24262	0.00018427	0.000594	64	4	0.32772
p.R413C	15	0.9471	0.99999	1.0	136	0	0.3137	0.32209	0.00018427	0.000594	75	4	0.3137
p.G480W	15	0.95378	0.99999	1.0	137	0	0.018789	0.87408	0.1172	0.164424	134	1	0.018789
p.H274R	15	0.95491	1.0	1.0	138	0	0.32324	0.22773	0.00018427	0.000594	59	4	0.32324
p.P278L	15	0.96442	1.0	1.0	139	0	-0.081796	0.82834	0.1172	0.164424	125	2	-0.081796
p.G480R	15	0.96616	1.0	1.0	140	0	-0.043582	0.38238	0.00019423	0.000594	81	2	-0.043582
p.R320L	15	0.96742	1.0	1.0	141	0	0.20868	0.50949	0.006858	0.014917	94	3	0.20868
p.E192K	15	0.97238	1.0	1.0	142	0	0.02542	0.87977	0.1172	0.164424	135	1	0.02542
p.A510V	15	0.97342	1.0	1.0	143	0	0.46081	0.0019444	4.9804e-06	3.2e-05	8	7	0.46081
safe-target-25	3	0.97356	1.0	1.0	144	0	0.63782	0.025277	4.9804e-06	3.2e-05	16	2	0.63782
safe-target-43	3	0.97391	1.0	1.0	145	0	0.23559	0.12968	0.00016435	0.000594	44	1	0.23559
p.R320Q	15	0.97632	1.0	1.0	146	0	0.38384	0.016221	4.9804e-06	3.2e-05	13	7	0.38384
R234R	6	0.97737	1.0	1.0	147	0	0.091844	0.84755	0.094552	0.144709	130	0	0.091844
A184A	6	0.97903	1.0	1.0	148	0	0.31805	0.066118	4.9804e-06	3.2e-05	27	3	0.31805
p.G186C	15	0.98673	1.0	1.0	149	0	0.14699	0.7592	0.0068679	0.014917	119	2	0.14699
p.S508R	15	0.98725	1.0	1.0	150	0	0.11316	0.60037	0.006858	0.014917	102	2	0.11316
p.R536C	9	0.98888	1.0	1.0	151	0	0.23527	0.45919	0.0021465	0.005353	88	1	0.23527
p.N414I	15	0.98945	1.0	1.0	152	0	0.17766	0.6703	0.0068679	0.014917	109	2	0.17766
P278P	6	0.98974	1.0	1.0	153	0	0.34125	0.31847	0.0010807	0.002729	74	2	0.34125
R536R	6	0.99	1.0	1.0	154	0	0.24753	0.60964	0.048892	0.079663	103	1	0.24753
p.Gly31Glu	15	0.99067	1.0	1.0	155	0	0.2904	0.00064929	4.9804e-06	3.2e-05	6	7	0.2904
p.Glu79Gln	15	0.99176	1.0	1.0	156	0	0.38298	0.05288	4.9804e-06	3.2e-05	24	6	0.38298
p.R415H	15	0.99949	1.0	1.0	157	0	0.17757	0.096036	4.9804e-06	3.2e-05	36	4	0.17757
safe-target-26	3	0.9995	1.0	1.0	158	0	1.3493	0.00045743	4.9804e-06	3.2e-05	5	3	1.3493
p.Arg34Gly	15	0.99988	1.0	1.0	159	0	0.45775	9.5661e-05	4.9804e-06	3.2e-05	3	9	0.45775
safe-target-10	3	0.99992	1.0	1.0	160	0	1.8134	4.0667e-05	4.9804e-06	3.2e-05	2	3	1.8134
safe-target-15	3	1.0	1.0	1.0	161	0	2.6184	3.4855e-07	4.9804e-06	3.2e-05	1	3	2.6184
