id	num	neg|score	neg|p-value	neg|fdr	neg|rank	neg|goodsgrna	neg|lfc	pos|score	pos|p-value	pos|fdr	pos|rank	pos|goodsgrna	pos|lfc
p.A184G	5	0.0042778	0.0093271	0.467769	1	2	-0.050852	0.91367	0.9139	0.977491	180	0	-0.050852
p.I416F	5	0.0050201	0.010733	0.467769	2	1	-0.20515	0.7335	0.73372	0.977491	133	0	-0.20515
p.S45F	5	0.0060134	0.012268	0.467769	3	2	-0.16341	0.79358	0.794	0.977491	145	0	-0.16341
V369V	2	0.0060271	0.0094667	0.467769	4	1	-0.086642	0.025986	0.031112	0.848071	8	1	-0.086642
p.G333C	5	0.0069855	0.013963	0.467769	5	2	-0.13276	0.77286	0.77307	0.977491	141	0	-0.13276
S45S	2	0.010035	0.013235	0.467769	6	1	-1.0523	0.99623	0.99648	0.996476	201	0	-1.0523
G378G	2	0.018027	0.020195	0.579874	7	1	-0.66111	0.93825	0.93799	0.977491	188	0	-0.66111
non-target-2	1	0.023139	0.023275	0.584795	8	1	-0.7681	0.97686	0.97716	0.982049	200	0	-0.7681
p.R71L	5	0.029272	0.05194	0.661774	9	2	-0.1107	0.81796	0.8181	0.977491	149	0	-0.1107
non-target-8	1	0.031187	0.031281	0.660905	10	1	-0.64784	0.96881	0.96926	0.978998	199	0	-0.64784
p.W403C	5	0.034719	0.059128	0.661774	11	1	0.086011	0.28691	0.29258	0.977491	42	1	0.086011
safe-target-13	1	0.035211	0.03515	0.660905	12	1	-0.72426	0.96479	0.96534	0.978998	198	0	-0.72426
G332G	2	0.037864	0.039457	0.660905	13	1	-0.42383	0.56843	0.56789	0.977491	92	0	-0.42383
non-target-28	1	0.039235	0.039218	0.660905	14	1	-0.61584	0.96076	0.96121	0.978998	197	0	-0.61584
safe-target-9	1	0.047284	0.047543	0.661774	15	1	-0.66375	0.95272	0.95318	0.977491	196	0	-0.66375
non-target-25	1	0.055332	0.055399	0.661774	16	1	-0.55097	0.94467	0.94488	0.977491	193	0	-0.55097
P361P	2	0.057499	0.058311	0.661774	17	1	-0.23299	0.69272	0.69081	0.977491	119	0	-0.23299
non-target-36	1	0.059356	0.059756	0.661774	18	1	-0.51676	0.94064	0.94093	0.977491	190	0	-0.51676
non-target-17	1	0.06338	0.063774	0.661774	19	0	-0.54939	0.93662	0.93686	0.977491	187	0	-0.54939
non-target-31	1	0.065392	0.065848	0.661774	20	0	-0.5014	0.93461	0.93492	0.977491	185	0	-0.5014
non-target-24	1	0.079477	0.079956	0.721623	21	0	-0.49192	0.92052	0.92109	0.977491	183	0	-0.49192
p.R234W	5	0.082638	0.098161	0.721623	22	1	-0.17467	0.83048	0.83057	0.977491	154	0	-0.17467
non-target-9	1	0.083501	0.084054	0.721623	23	0	-0.537	0.9165	0.91698	0.977491	181	0	-0.537
non-target-1	1	0.093561	0.093934	0.721623	24	0	-0.46283	0.90644	0.90735	0.977491	178	0	-0.46283
non-target-22	1	0.095573	0.096028	0.721623	25	0	-0.45769	0.90443	0.9054	0.977491	177	0	-0.45769
safe-target-49	1	0.097586	0.097992	0.721623	26	0	-0.45187	0.90241	0.90338	0.977491	176	0	-0.45187
C171C	2	0.099983	0.10109	0.721623	27	1	-0.32692	0.87953	0.87916	0.977491	170	0	-0.32692
non-target-21	1	0.10362	0.10415	0.721623	28	0	-0.44315	0.89638	0.89746	0.977491	175	0	-0.44315
non-target-32	1	0.10966	0.11049	0.721623	29	0	-0.44032	0.89034	0.89131	0.977491	174	0	-0.44032
non-target-5	1	0.11167	0.11236	0.721623	30	0	-0.4422	0.88833	0.88934	0.977491	173	0	-0.4422
non-target-12	1	0.11569	0.1162	0.721623	31	0	-0.43983	0.88431	0.88495	0.977491	172	0	-0.43983
non-target-20	1	0.12777	0.12831	0.721623	32	0	-0.40895	0.87223	0.87294	0.977491	168	0	-0.40895
non-target-15	1	0.12978	0.13039	0.721623	33	0	-0.41805	0.87022	0.87104	0.977491	167	0	-0.41805
H274H	2	0.13401	0.13465	0.721623	34	0	0.036663	0.1038	0.10582	0.977491	18	1	0.036663
safe-target-12	1	0.13581	0.1363	0.721623	35	0	-0.45265	0.86419	0.8654	0.977491	164	0	-0.45265
non-target-38	1	0.14185	0.14237	0.721623	36	0	-0.41242	0.85815	0.85918	0.977491	161	0	-0.41242
S224S	2	0.14521	0.14569	0.721623	37	0	-0.42569	0.93925	0.93909	0.977491	189	0	-0.42569
non-target-29	1	0.14588	0.14604	0.721623	38	0	-0.38183	0.85412	0.85472	0.977491	160	0	-0.38183
non-target-40	1	0.15191	0.15176	0.721623	39	0	-0.38169	0.84809	0.84902	0.977491	159	0	-0.38169
safe-target-50	1	0.15392	0.15367	0.721623	40	0	-0.39291	0.84608	0.84693	0.977491	158	0	-0.39291
p.W252L	5	0.15533	0.16064	0.721623	41	1	-0.093896	0.93634	0.93695	0.977491	186	0	-0.093896
non-target-10	1	0.15594	0.15531	0.721623	42	0	-0.37843	0.84406	0.84485	0.977491	157	0	-0.37843
non-target-26	1	0.15795	0.1576	0.721623	43	0	-0.39087	0.84205	0.84292	0.977491	156	0	-0.39087
non-target-13	1	0.16197	0.16154	0.721623	44	0	-0.36991	0.83803	0.83909	0.977491	155	0	-0.36991
H311H	2	0.17106	0.17158	0.721623	45	0	-0.41859	0.94876	0.94819	0.977491	194	0	-0.41859
non-target-34	1	0.17203	0.17193	0.721623	46	0	-0.36058	0.82797	0.82886	0.977491	153	0	-0.36058
p.G378C	5	0.17277	0.17602	0.721623	47	1	0.26144	0.11959	0.15164	0.977491	22	1	0.26144
non-target-39	1	0.17404	0.17406	0.721623	48	0	-0.3483	0.82596	0.8269	0.977491	152	0	-0.3483
I416I	1	0.17807	0.17786	0.721623	49	0	-0.37188	0.82193	0.823	0.977491	151	0	-0.37188
non-target-30	1	0.18008	0.17951	0.721623	50	0	-0.33321	0.81992	0.82102	0.977491	150	0	-0.33321
safe-target-29	1	0.18813	0.18768	0.727092	51	0	-0.34889	0.81187	0.81331	0.977491	148	0	-0.34889
p.G603V	5	0.18991	0.19199	0.727092	52	1	0.48486	0.35336	0.35629	0.977491	56	1	0.48486
safe-target-4	1	0.19215	0.19169	0.727092	53	0	-0.31849	0.80785	0.80961	0.977491	147	0	-0.31849
p.R71W	5	0.19838	0.19999	0.727092	54	1	-0.16356	0.85982	0.8598	0.977491	162	0	-0.16356
non-target-41	1	0.20221	0.20188	0.727092	55	0	-0.30082	0.79779	0.79989	0.977491	146	0	-0.30082
V155V	2	0.2037	0.2045	0.727092	56	0	-0.31612	0.86516	0.865	0.977491	165	0	-0.31612
p.C171F	5	0.20677	0.20815	0.727092	57	1	-0.23546	0.07321	0.11745	0.977491	16	1	-0.23546
non-target-23	1	0.21026	0.20981	0.727092	58	0	-0.2866	0.78974	0.79157	0.977491	144	0	-0.2866
non-target-4	1	0.22233	0.22194	0.756105	59	0	-0.29559	0.77767	0.77966	0.977491	143	0	-0.29559
non-target-7	1	0.23038	0.23017	0.763801	60	0	-0.27403	0.76962	0.77137	0.977491	140	0	-0.27403
safe-target-48	1	0.23239	0.23221	0.763801	61	0	-0.27062	0.76761	0.76937	0.977491	139	0	-0.27062
p.G524C	5	0.23965	0.24006	0.763801	62	1	-0.19589	0.94274	0.94306	0.977491	192	0	-0.19589
non-target-37	1	0.24044	0.2403	0.763801	63	0	-0.26397	0.75956	0.76126	0.977491	138	0	-0.26397
R71R	2	0.2497	0.24928	0.763801	64	0	-0.3396	0.92008	0.91981	0.977491	182	0	-0.3396
R362R	2	0.25666	0.25598	0.763801	65	0	0.31927	0.1114	0.11291	0.977491	20	1	0.31927
non-target-11	1	0.25855	0.25887	0.763801	66	0	-0.24596	0.74145	0.74309	0.977491	135	0	-0.24596
non-target-33	1	0.26258	0.26282	0.763801	67	0	-0.24272	0.73742	0.73889	0.977491	134	0	-0.24272
safe-target-33	1	0.27062	0.27126	0.763801	68	0	-0.22343	0.72938	0.73096	0.977491	132	0	-0.22343
S102S	2	0.2739	0.27364	0.763801	69	0	-0.27502	0.8681	0.86768	0.977491	166	0	-0.27502
non-target-35	1	0.28471	0.28477	0.763801	70	0	-0.21429	0.71529	0.71651	0.977491	129	0	-0.21429
non-target-16	1	0.28873	0.28916	0.763801	71	0	-0.21473	0.71127	0.71226	0.977491	127	0	-0.21473
non-target-18	1	0.29276	0.29312	0.763801	72	0	-0.20678	0.70724	0.70796	0.977491	126	0	-0.20678
H210H	2	0.29433	0.29388	0.763801	73	0	0.13392	0.096161	0.09865	0.977491	17	1	0.13392
p.W450L	5	0.29455	0.29649	0.763801	74	0	-0.13588	0.6928	0.69328	0.977491	120	0	-0.13588
safe-target-34	1	0.29477	0.29536	0.763801	75	0	-0.19658	0.70523	0.70626	0.977491	125	0	-0.19658
non-target-6	1	0.29879	0.29949	0.763801	76	0	-0.20778	0.70121	0.70211	0.977491	124	0	-0.20778
safe-target-28	1	0.3008	0.30139	0.763801	77	0	-0.20095	0.6992	0.70021	0.977491	123	0	-0.20095
V568V	2	0.30108	0.30036	0.763801	78	0	-0.27574	0.86219	0.86169	0.977491	163	0	-0.27574
safe-target-39	1	0.30282	0.30327	0.763801	79	0	-0.18934	0.69718	0.69812	0.977491	122	0	-0.18934
non-target-19	1	0.30483	0.30524	0.763801	80	0	-0.20018	0.69517	0.69616	0.977491	121	0	-0.20018
p.Y300C	5	0.30964	0.31173	0.763801	81	0	0.085776	0.71924	0.71939	0.977491	130	0	0.085776
safe-target-5	1	0.31288	0.3132	0.763801	82	0	-0.19787	0.68712	0.68846	0.977491	118	0	-0.19787
safe-target-40	1	0.3169	0.31704	0.763801	83	0	-0.18494	0.6831	0.68454	0.977491	117	0	-0.18494
p.G430C	5	0.31709	0.3192	0.763801	84	0	0.047487	0.40819	0.41063	0.977491	62	0	0.047487
safe-target-37	1	0.32294	0.32311	0.764058	85	0	-0.17645	0.67706	0.67879	0.977491	116	0	-0.17645
Y572Y	2	0.33103	0.32994	0.771135	86	0	-0.023517	0.40769	0.40613	0.977491	61	0	-0.023517
p.P278S	5	0.33179	0.33417	0.772038	87	0	0.010714	0.23153	0.24296	0.977491	36	1	0.010714
safe-target-27	1	0.34909	0.34951	0.797449	88	0	-0.16941	0.65091	0.65376	0.977491	113	0	-0.16941
G364G	2	0.35387	0.3531	0.797449	89	0	0.4759	0.037864	0.042558	0.855411	10	1	0.4759
non-target-27	1	0.35714	0.35748	0.798363	90	0	-0.16403	0.64286	0.64534	0.977491	110	0	-0.16403
p.V465L	5	0.36043	0.36314	0.800343	91	0	-0.1513	0.92939	0.92978	0.977491	184	0	-0.1513
p.W252C	5	0.36744	0.37031	0.800343	92	0	-0.17819	0.94171	0.94212	0.977491	191	0	-0.17819
G524G	2	0.36994	0.36853	0.800343	93	0	-0.063929	0.54702	0.54602	0.977491	85	0	-0.063929
p.S224F	5	0.38126	0.38416	0.819671	94	0	-0.40351	0.9108	0.91079	0.977491	179	0	-0.40351
R320R	2	0.38896	0.38741	0.819671	95	0	0.12165	0.20011	0.20094	0.977491	31	0	0.12165
safe-target-45	1	0.40342	0.40349	0.836095	96	0	-0.12278	0.59658	0.59787	0.977491	99	0	-0.12278
G462G	2	0.40459	0.40296	0.836095	97	0	-0.22633	0.87531	0.87509	0.977491	169	0	-0.22633
p.R413L	5	0.40819	0.41063	0.836899	98	0	0.24623	0.40155	0.4038	0.977491	60	0	0.24623
p.H274R	5	0.41477	0.41706	0.836899	99	0	0.32324	0.62944	0.63001	0.977491	105	0	0.32324
safe-target-11	1	0.41751	0.41775	0.836899	100	0	-0.10063	0.58249	0.58366	0.977491	98	0	-0.10063
non-target-14	1	0.42153	0.42191	0.836899	101	0	-0.10735	0.57847	0.57926	0.977491	96	0	-0.10735
R240R	2	0.42613	0.4247	0.836899	102	0	-0.078338	0.64649	0.64555	0.977491	111	0	-0.078338
safe-target-35	1	0.43561	0.43599	0.841	103	0	-0.095546	0.56439	0.56553	0.977491	91	0	-0.095546
safe-target-38	1	0.43763	0.438	0.841	104	0	-0.094742	0.56237	0.56349	0.977491	90	0	-0.094742
safe-target-18	1	0.43964	0.43977	0.841	105	0	-0.091209	0.56036	0.56124	0.977491	89	0	-0.091209
safe-target-32	1	0.44567	0.44563	0.841	106	0	-0.087372	0.55433	0.55497	0.977491	87	0	-0.087372
safe-target-19	1	0.44769	0.4477	0.841	107	0	-0.086722	0.55231	0.55285	0.977491	86	0	-0.086722
p.R320L	5	0.46535	0.46721	0.842055	108	0	0.32453	0.4213	0.42329	0.977491	63	0	0.32453
L237L	2	0.47094	0.46943	0.842055	109	0	-0.099911	0.74393	0.74278	0.977491	136	0	-0.099911
safe-target-2	1	0.47183	0.47153	0.842055	110	0	-0.039042	0.52817	0.52805	0.977491	83	0	-0.039042
E192E	2	0.47386	0.4724	0.842055	111	0	-0.043528	0.60969	0.60794	0.977491	101	0	-0.043528
p.H311R	5	0.47744	0.47962	0.842055	112	0	0.0060179	0.88316	0.88297	0.977491	171	0	0.0060179
safe-target-36	1	0.47787	0.47793	0.842055	113	0	-0.036484	0.52213	0.52214	0.977491	80	0	-0.036484
p.G332C	5	0.48339	0.48576	0.842055	114	0	-0.34205	0.33904	0.34253	0.977491	55	1	-0.34205
safe-target-46	1	0.4839	0.48387	0.842055	115	0	-0.022359	0.5161	0.51585	0.977491	77	0	-0.022359
safe-target-16	1	0.48592	0.48596	0.842055	116	0	-0.0046191	0.51408	0.51388	0.977491	76	0	-0.0046191
p.V155F	5	0.4893	0.49127	0.84397	117	0	-0.27878	0.77592	0.77611	0.977491	142	0	-0.27878
p.L281M	5	0.50669	0.50847	0.864053	118	0	-0.1711	0.94953	0.94965	0.977491	195	0	-0.1711
safe-target-31	1	0.51207	0.51203	0.864053	119	0	0.020309	0.48793	0.48793	0.977491	74	0	0.020309
safe-target-1	1	0.5161	0.51585	0.864053	120	0	0.022894	0.4839	0.48387	0.977491	73	0	0.022894
G333G	2	0.52232	0.52069	0.864945	121	0	0.051986	0.45621	0.45477	0.977491	70	0	0.051986
safe-target-17	1	0.53823	0.53807	0.88477	122	0	0.036806	0.46177	0.46172	0.977491	71	0	0.036806
p.M161I	5	0.54004	0.54143	0.88477	123	0	0.19035	0.33179	0.3351	0.977491	54	1	0.19035
p.R601L	5	0.55603	0.55793	0.897146	124	0	-0.026697	0.041838	0.074143	0.977491	11	2	-0.026697
safe-target-3	1	0.55634	0.55699	0.897146	125	0	0.059781	0.44366	0.44376	0.977491	68	0	0.059781
safe-target-41	1	0.56237	0.56349	0.898901	126	0	0.063136	0.43763	0.438	0.977491	66	0	0.063136
R272R	2	0.57894	0.57784	0.91453	127	0	0.30918	0.11519	0.11639	0.977491	21	1	0.30918
safe-target-7	1	0.59859	0.6001	0.938847	128	0	0.079599	0.40141	0.40166	0.977491	59	0	0.079599
p.R272C	5	0.60135	0.60254	0.938847	129	0	0.38566	0.51801	0.51984	0.977491	78	0	0.38566
safe-target-23	1	0.61469	0.6164	0.942913	130	0	0.094619	0.38531	0.38583	0.977491	58	0	0.094619
S508S	2	0.6172	0.61545	0.942913	131	0	-0.0025677	0.63685	0.6357	0.977491	108	0	-0.0025677
p.G364C	5	0.62026	0.62106	0.942913	132	0	0.53614	0.017147	0.033754	0.848071	7	2	0.53614
safe-target-8	1	0.62877	0.63104	0.942913	133	0	0.10256	0.37123	0.37142	0.977491	57	0	0.10256
C297C	2	0.63199	0.63086	0.942913	134	0	0.062951	0.57107	0.57035	0.977491	93	0	0.062951
Q163Q	2	0.65363	0.65255	0.942913	135	0	0.018834	0.60211	0.60062	0.977491	100	0	0.018834
N414N	2	0.656	0.65487	0.942913	136	0	0.095792	0.45323	0.45175	0.977491	69	0	0.095792
L281L	2	0.66304	0.66194	0.942913	137	0	0.025773	0.63199	0.63086	0.977491	106	0	0.025773
p.P278L	5	0.66859	0.66878	0.942913	138	0	-0.12248	0.46535	0.46721	0.977491	72	0	-0.12248
N238N	2	0.67232	0.67058	0.942913	139	0	0.07103	0.51953	0.51824	0.977491	79	0	0.07103
p.Y572C	5	0.67273	0.67287	0.942913	140	0	0.40833	0.43417	0.43618	0.977491	65	0	0.40833
Y300Y	2	0.67691	0.67505	0.942913	141	0	0.27681	0.13776	0.13872	0.977491	25	1	0.27681
safe-target-14	1	0.67706	0.67879	0.942913	142	0	0.15372	0.32294	0.32311	0.977491	51	0	0.15372
p.S102L	5	0.68088	0.68178	0.942913	143	0	0.086066	0.51238	0.51421	0.977491	75	0	0.086066
safe-target-24	1	0.68109	0.68269	0.942913	144	0	0.2426	0.31891	0.31923	0.977491	49	0	0.2426
safe-target-22	1	0.68712	0.68846	0.942913	145	0	0.16326	0.31288	0.3132	0.977491	47	0	0.16326
p.L237V	5	0.68887	0.68954	0.942913	146	0	0.060962	0.5236	0.5254	0.977491	81	0	0.060962
safe-target-21	1	0.69517	0.69616	0.942913	147	0	0.16701	0.30483	0.30524	0.977491	46	0	0.16701
R601R	2	0.69717	0.69545	0.942913	148	0	0.20799	0.2251	0.22558	0.977491	35	0	0.20799
p.R362Q	5	0.69863	0.69898	0.942913	149	0	0.11199	0.72644	0.72653	0.977491	131	0	0.11199
p.R260L	5	0.71188	0.7125	0.954692	150	0	0.14691	0.57157	0.57274	0.977491	94	0	0.14691
safe-target-44	1	0.72334	0.72496	0.954692	151	0	0.1866	0.27666	0.27742	0.977491	41	0	0.1866
p.P361L	5	0.74042	0.74068	0.954692	152	0	0.089876	0.15533	0.17976	0.977491	27	1	0.089876
G603G	2	0.74596	0.74494	0.954692	153	0	0.21075	0.29771	0.29712	0.977491	45	0	0.21075
G558G	2	0.74798	0.74706	0.954692	154	0	0.14191	0.43825	0.43698	0.977491	67	0	0.14191
p.C297F	5	0.75381	0.75382	0.954692	155	0	0.030428	0.62487	0.62547	0.977491	104	0	0.030428
G480G	2	0.75798	0.75703	0.954692	156	0	0.035003	0.71462	0.71329	0.977491	128	0	0.035003
safe-target-43	1	0.76559	0.76723	0.954692	157	0	0.27739	0.23441	0.23427	0.977491	37	0	0.27739
p.E192K	5	0.76977	0.77004	0.954692	158	0	-0.080438	0.63845	0.63894	0.977491	109	0	-0.080438
p.G558R	5	0.77286	0.77307	0.954692	159	0	0.098773	0.29455	0.30002	0.977491	44	1	0.098773
G430G	2	0.77356	0.7728	0.954692	160	0	0.44544	0.069183	0.072189	0.977491	15	1	0.44544
p.S508R	5	0.77894	0.77903	0.954692	161	0	-0.0028333	0.63397	0.63441	0.977491	107	0	-0.0028333
safe-target-47	1	0.78169	0.7838	0.954692	162	0	0.26279	0.21831	0.21796	0.977491	34	0	0.26279
R413R	2	0.78491	0.78391	0.954692	163	0	0.31901	0.16739	0.16808	0.977491	28	1	0.31901
p.Glu82Asp	5	0.78782	0.78808	0.954692	164	0	0.14189	0.17277	0.19335	0.977491	29	1	0.14189
safe-target-6	1	0.79376	0.79542	0.954692	165	0	0.27287	0.20624	0.2059	0.977491	32	0	0.27287
A510A	2	0.79958	0.79871	0.954692	166	0	0.15922	0.52509	0.52369	0.977491	82	0	0.15922
p.M550K	5	0.80198	0.80177	0.954692	167	0	0.14603	0.54004	0.54143	0.977491	84	0	0.14603
p.G480W	5	0.80472	0.80468	0.954692	168	0	0.15361	0.65593	0.65657	0.977491	114	0	0.15361
R260R	2	0.80495	0.80409	0.954692	169	0	0.20688	0.42307	0.422	0.977491	64	0	0.20688
p.V369L	5	0.80743	0.80745	0.954692	170	0	-0.10284	0.008026	0.018859	0.631764	5	2	-0.10284
p.Glu79Gln	5	0.81537	0.81548	0.958543	171	0	0.36994	0.21509	0.22928	0.977491	33	1	0.36994
P278P	2	0.82737	0.82697	0.958998	172	0	0.25144	0.32112	0.32003	0.977491	50	0	0.25144
p.G480R	5	0.82803	0.8285	0.958998	173	0	-0.029004	0.6156	0.61656	0.977491	102	0	-0.029004
p.R240L	4	0.83345	0.83495	0.958998	174	0	0.11708	0.32492	0.32335	0.977491	53	0	0.11708
R234R	2	0.83399	0.83361	0.958998	175	0	0.14249	0.55511	0.55399	0.977491	88	0	0.14249
R415R	2	0.84842	0.84727	0.967623	176	0	0.14666	0.5737	0.57267	0.977491	95	0	0.14666
p.A510V	5	0.85559	0.85543	0.970902	177	0	0.50693	0.18138	0.20015	0.977491	30	1	0.50693
p.G186C	5	0.85982	0.8598	0.970902	178	0	-0.092324	0.58169	0.58346	0.977491	97	0	-0.092324
safe-target-42	1	0.87626	0.87695	0.984735	179	0	0.43882	0.12374	0.12445	0.977491	23	0	0.43882
G186G	2	0.88777	0.88732	0.987861	180	0	0.58836	0.033913	0.038849	0.855411	9	1	0.58836
safe-target-20	1	0.89034	0.89131	0.987861	181	0	0.39172	0.10966	0.11049	0.977491	19	0	0.39172
A184A	2	0.89957	0.89922	0.987861	182	0	0.32054	0.27047	0.27011	0.977491	40	0	0.32054
p.H210P	5	0.90014	0.8994	0.987861	183	0	0.16286	0.14651	0.17242	0.977491	26	1	0.16286
p.Q163L	5	0.91367	0.9139	0.998339	184	0	0.16068	0.31709	0.32103	0.977491	48	1	0.16068
p.G462V	5	0.92818	0.92845	0.999995	185	0	0.054789	0.64728	0.64796	0.977491	112	0	0.054789
safe-target-25	1	0.93863	0.93904	0.999995	186	0	0.57761	0.061368	0.06186	0.977491	14	1	0.57761
p.R415H	5	0.94171	0.94212	0.999995	187	0	0.087818	0.054121	0.094243	0.977491	12	1	0.087818
p.R536C	3	0.95521	0.95484	0.999995	188	0	0.20794	0.61837	0.61864	0.977491	103	0	0.20794
p.R413C	5	0.95731	0.95767	0.999995	189	0	0.41891	0.32447	0.32802	0.977491	52	1	0.41891
V465V	2	0.95911	0.95834	0.999995	190	0	0.43288	0.26358	0.26328	0.977491	39	0	0.43288
R536R	2	0.96385	0.96366	0.999995	191	0	0.42174	0.29095	0.29065	0.977491	43	0	0.42174
p.N238K	5	0.96479	0.96506	0.999995	192	0	0.39396	0.24769	0.25683	0.977491	38	1	0.39396
p.V568F	5	0.96615	0.96634	0.999995	193	0	0.23959	0.66019	0.66075	0.977491	115	0	0.23959
p.Gly31Glu	5	0.98984	0.98956	0.999995	194	0	0.38029	0.056229	0.097703	0.977491	13	2	0.38029
safe-target-26	1	0.99095	0.991	0.999995	195	0	1.1861	0.0090543	0.0085494	0.429609	6	1	1.1861
safe-target-30	1	0.99296	0.99298	0.999995	196	0	1.3684	0.0070423	0.0066651	0.429609	4	1	1.3684
p.N414I	5	0.99332	0.99316	0.999995	197	0	0.24715	0.75381	0.75382	0.977491	137	0	0.24715
safe-target-10	1	0.99698	0.99704	0.999995	198	0	1.8008	0.0030181	0.0027069	0.272044	2	1	1.8008
p.R320Q	5	0.99754	0.99753	0.999995	199	0	0.46656	0.12863	0.15855	0.977491	24	1	0.46656
safe-target-15	1	0.99899	0.99902	0.999995	200	0	2.4576	0.001006	0.00097209	0.195391	1	1	2.4576
p.Arg34Gly	5	0.99999	1.0	0.999995	201	0	0.47901	0.0054785	0.014422	0.57976	3	3	0.47901
