sgRNA	Gene	REP1_PreSort	REP2_PreSort	REP3_PreSort	REP1_Q3	REP2_Q3	REP3_Q3
pegRNA_1	p.R601L	78.00272996937136	77.33880021182166	100.77481323466677	80.02169214783208	119.05824869095117	111.37453511520316
pegRNA_2	p.R601L	255.28166171794265	278.41968076255796	336.269639951467	287.79731386501015	335.1269222411959	286.0300560913172
pegRNA_3	p.R601L	115.484561253355	110.20779030184588	130.47686345120013	144.6006016004685	161.39007044773382	99.56208442116646
pegRNA_4	p.R601L	61.79437049521627	71.53839019593504	73.19433803360008	37.90501207002573	51.15095128944569	40.49983095098297
pegRNA_5	p.R601L	124.60176345756724	115.04146531508472	151.69261360586682	174.08227765493297	166.68154816733164	156.93684493505899
pegRNA_6	p.V155F	597.6832556094689	613.8767266813345	514.4819412506672	428.186247457698	456.830909791946	378.8421686873198
pegRNA_7	p.V155F	783.0663670951177	784.0220871473421	693.7550300576007	569.9790703863127	624.394370912544	691.8721120792923
pegRNA_8	p.V155F	114.47153878622031	138.2431053786312	95.47087569600009	99.67614285080839	70.5530362613044	129.93695763440368
pegRNA_9	p.V155F	38.494853751118335	31.902255087376435	45.61386283253338	54.75168410114827	22.929736784923932	60.749746426474445
pegRNA_10	p.V155F	52.67716829100404	55.10389515092294	70.01197551040008	91.25280683524711	48.505212429646775	70.87470416422019
pegRNA_11	p.G333C	49.638100889599954	28.035315076785352	40.309925293866705	44.92445874966012	49.387125382913084	16.03118308476409
pegRNA_12	p.G333C	195.51333615699576	138.2431053786312	173.96915126826684	179.69783499864047	194.90276267185342	155.24935197876803
pegRNA_13	p.G333C	52.67716829100404	80.23900521976498	71.0727630181334	43.52056941373324	66.14347149497287	37.96859151654653
pegRNA_14	p.G333C	109.40642645054685	62.837775172105104	105.0179632656001	108.09947886636967	167.56346112059796	93.65585907414811
pegRNA_15	p.G333C	21.273471809828553	27.068580074137582	28.641262708800028	46.328348085586995	37.92225699045112	37.96859151654653
pegRNA_16	p.G186C	205.6435608283427	224.28252061428282	223.82616413173355	296.2206498805714	169.32728702713058	188.1554646264417
pegRNA_17	p.G186C	139.79710046458763	119.87514032832358	102.89638825013344	134.77337624898036	161.39007044773382	123.18698580923986
pegRNA_18	p.G186C	280.60722339630996	251.35110068842042	222.76537662400023	400.1084607391604	270.74727665275566	304.59247861051773
pegRNA_19	p.G186C	62.80739296235097	87.97288524094714	85.92378812640008	68.79057746041705	124.34972641054901	97.8745914648755
pegRNA_20	p.G186C	32.41671894831018	36.73593010061529	27.580475201066694	56.15557343707515	63.49773263517396	53.15602812316514
pegRNA_21	p.G364C	2.026044934269386	0.9667350026477708	1.0607875077333344	0.0	0.881912953266305	7.593718303309306
pegRNA_22	p.G364C	86.1069097064489	57.03736515621848	83.80221311093342	54.75168410114827	112.88485801808704	50.62478868872871
pegRNA_23	p.G364C	5.065112335673465	11.60082003177325	6.3647250464000065	28.077786718537574	7.05530362613044	5.062478868872871
pegRNA_24	p.G364C	18.234404408424474	14.501025039716563	15.911812616000017	4.211668007780636	4.409564766331525	21.09366195363696
pegRNA_25	p.G364C	10.13022467134693	11.60082003177325	19.09417513920002	12.635004023341908	10.582955439195661	17.718676041055048
pegRNA_26	p.G430C	13.16929207275101	19.334700052955416	31.823625232000033	21.058340038903182	35.2765181306522	34.59360560396462
pegRNA_27	p.G430C	47.612055955330575	66.70471518269619	64.7080379717334	63.17502011670954	45.859473569847864	79.31216894567497
pegRNA_28	p.G430C	1.013022467134693	2.9002050079433124	1.0607875077333344	0.0	0.881912953266305	1.6874929562909569
pegRNA_29	p.G430C	220.83889783536307	146.94372040246117	247.16348930186692	249.8923017949844	249.58136577436431	205.87414066749673
pegRNA_30	p.G430C	151.95337007020396	120.84187533097135	151.69261360586682	154.42782695195666	155.21667977486968	93.65585907414811
pegRNA_31	p.R272C	16.20835947415509	15.467760042364333	16.97260012373335	15.442782695195666	10.582955439195661	5.062478868872871
pegRNA_32	p.R272C	29.377651546906097	28.035315076785352	59.40410043306673	44.92445874966012	18.520172018592405	76.78092951123854
pegRNA_33	p.R272C	14.182314539885702	9.667350026477708	23.337325170133358	21.058340038903182	20.283997925125014	6.749971825163827
pegRNA_34	p.R272C	53.690190758138726	48.33675013238854	58.34331292533339	53.347794765221394	46.741386523114166	78.46842246752949
pegRNA_35	p.R272C	88.1329546407183	86.0394152356516	90.16693815733342	68.79057746041705	89.0732082798968	80.15591542382045
pegRNA_36	p.G480W	508.5372785016159	577.1407965807192	466.74650340266714	317.2789899194746	389.80552534370685	579.6538304859437
pegRNA_37	p.G480W	249.2035269151345	304.5215258340478	220.64380160853355	202.16006437347053	216.95058650351103	283.49881665688076
pegRNA_38	p.G480W	160.0575498072815	149.84392541040447	140.02395102080015	234.44951909978874	125.23163936381532	159.46808436949541
pegRNA_39	p.G480W	241.09934717805695	303.55479083140006	245.04191428640024	231.641740427935	253.10901758742955	369.56095742771953
pegRNA_40	p.G480W	59.76832556094689	40.60287011120637	41.37071280160004	71.59835613227081	78.49025284070115	43.0310703854194
pegRNA_41	p.R320L	87.1199321735836	88.93962024359492	106.07875077333344	89.84891749932024	109.35720620502182	133.3119435469856
pegRNA_42	p.R320L	47.612055955330575	32.868990090024205	46.674650340266716	35.097233398171966	56.44242900904352	42.18732390727392
pegRNA_43	p.R320L	51.66414582386935	32.868990090024205	68.95118800266674	42.116680077806365	52.9147771959783	70.03095768607471
pegRNA_44	p.R320L	125.61478592470193	106.34085029125478	158.05733865226682	147.40838027232226	168.44537407386426	137.53067593771297
pegRNA_45	p.R320L	35.45578634971426	51.23695514033185	57.282525417600056	60.367241444855786	45.859473569847864	78.46842246752949
pegRNA_46	p.R320Q	104.34131411487338	90.87309024889045	117.74741335840012	174.08227765493297	100.53807667235877	124.03073228738533
pegRNA_47	p.R320Q	22.286494276963246	49.30348513503631	19.09417513920002	46.328348085586995	52.032864242711995	80.15591542382045
pegRNA_48	p.R320Q	43.5599660867918	31.902255087376435	38.18835027840004	33.69334406224509	49.387125382913084	49.78104221058323
pegRNA_49	p.R320Q	103.3282916477387	100.54044027536816	144.26710105173348	98.27225351488151	100.53807667235877	113.06202807149411
pegRNA_50	p.R320Q	41.53392115252241	52.203690142979625	53.03937538666672	42.116680077806365	63.49773263517396	68.34346472978375
pegRNA_51	p.R362Q	25.325561678367325	18.367965050307646	14.851025108266683	9.827225351488151	12.346781345728271	20.249915475491484
pegRNA_52	p.R362Q	6.078134802808158	4.833675013238854	11.668662585066679	7.0194466796343935	11.464868392461966	19.406168997346004
pegRNA_53	p.R362Q	33.429741415444866	38.66940010591083	40.309925293866705	44.92445874966012	53.796690149244604	55.68726755760158
pegRNA_54	p.R362Q	13.16929207275101	29.968785082080895	23.337325170133358	5.615557343707515	15.87443315879349	38.81233799469201
pegRNA_55	p.R362Q	8.104179737077544	6.7671450185343955	4.243150030933338	12.635004023341908	6.1733906728641355	16.03118308476409
pegRNA_56	p.G462V	57.7422806266775	53.17042514562739	66.82961298720006	71.59835613227081	87.3093823733642	62.437239382765405
pegRNA_57	p.G462V	48.625078422465265	32.868990090024205	64.7080379717334	50.54001609336763	91.71894713969573	46.40605629800131
pegRNA_58	p.G462V	153.97941500447334	161.44474544217772	130.47686345120013	171.2744989830792	145.51563728894033	136.6869294595675
pegRNA_59	p.G462V	99.27620177919991	107.30758529390256	98.6532382192001	99.67614285080839	131.40503003667945	102.09332385560289
pegRNA_60	p.G462V	30.39067401404079	10.63408502912548	18.033387631466685	22.46222937483006	38.80416994371742	24.468647866218873
pegRNA_61	p.C297F	68.88552776515913	108.27432029655033	78.49827557226675	74.40613480412458	62.61581968190766	48.09354925429227
pegRNA_62	p.C297F	26.33858414550202	24.16837506619427	29.702050216533365	39.308901405952604	32.63077927085329	39.656084472837485
pegRNA_63	p.C297F	27.35160661263671	27.068580074137582	15.911812616000017	43.52056941373324	16.756346112059795	30.374873213237223
pegRNA_64	p.C297F	53.690190758138726	58.00410015886625	47.735437848000046	89.84891749932024	41.44990880351634	124.87447876553081
pegRNA_65	p.C297F	477.13358202044043	469.8332112868166	458.26020334080044	349.5684446457928	376.57683104471226	470.810534805177
pegRNA_66	p.G332C	35.45578634971426	40.60287011120637	59.40410043306673	65.9827987885633	46.741386523114166	29.531126735091746
pegRNA_67	p.G332C	189.4352013541876	230.08293063016944	227.00852665493358	248.48841245905754	230.17928080250562	172.1242815416776
pegRNA_68	p.G332C	246.1644595137304	210.74823057721403	197.3064764384002	265.33508449018007	250.46327872763064	190.68670406087813
pegRNA_69	p.G332C	66.85948283088973	41.569605113854145	72.13355052586674	87.04113882746648	89.0732082798968	59.06225347018349
pegRNA_70	p.G332C	15.195337007020395	24.16837506619427	19.09417513920002	44.92445874966012	35.2765181306522	31.218619691382703
pegRNA_71	p.P278S	11.143247138481623	10.63408502912548	11.668662585066679	15.442782695195666	14.11060725226088	18.562422519200524
pegRNA_72	p.P278S	11.143247138481623	5.800410015886625	3.1823625232000032	9.827225351488151	10.582955439195661	11.812450694036698
pegRNA_73	p.P278S	43.5599660867918	28.035315076785352	30.7628377242667	63.17502011670954	37.04034403718481	40.49983095098297
pegRNA_74	p.P278S	43.5599660867918	61.87104016945733	60.46488794080006	54.75168410114827	81.13599170050006	75.09343655494759
pegRNA_75	p.P278S	346.453683760065	311.2886708525822	373.3972027221337	409.9356860906486	360.70239788591874	282.6550701787353
pegRNA_76	p.R413C	219.8258753682284	187.54659051366752	227.00852665493358	244.2767444512769	240.7622362417013	112.21828159334864
pegRNA_77	p.R413C	144.8622128002611	159.5112754368822	219.58301410080023	150.21615894417602	216.95058650351103	108.84329568076672
pegRNA_78	p.R413C	33.429741415444866	20.301435055603186	30.7628377242667	23.866118710756936	22.929736784923932	42.18732390727392
pegRNA_79	p.R413C	195.51333615699576	154.67760042364333	243.98112677866692	230.2378510920081	205.48571811104907	237.09276035887945
pegRNA_80	p.R413C	72.9376176336979	72.5051251985828	114.56505083520011	77.21391347597833	104.06572848542399	111.37453511520316
pegRNA_81	p.R413L	182.34404408424473	189.48006051896309	205.79277650026688	211.98728972495869	293.6770134376796	150.18687310989517
pegRNA_82	p.R413L	223.87796523676715	161.44474544217772	173.96915126826684	178.29394566271358	214.30484764371212	112.21828159334864
pegRNA_83	p.R413L	28.364629079771404	13.534290037068791	14.851025108266683	29.48167605446445	14.992520205527185	31.218619691382703
pegRNA_84	p.R413L	64.83343789662035	87.97288524094714	112.44347581973345	89.84891749932024	132.28694298994574	126.56197172182176
pegRNA_85	p.R413L	101.3022467134693	108.27432029655033	116.68662585066679	146.00449093639537	157.86241863466861	130.78070411254916
pegRNA_86	p.L237V	110.41944891768154	66.70471518269619	95.47087569600009	153.02393761602977	116.41250983115226	73.40594359865662
pegRNA_87	p.L237V	58.755303093812195	53.17042514562739	79.55906308000009	77.21391347597833	88.19129532663051	56.531014035747056
pegRNA_88	p.L237V	232.9951674409794	185.613120508372	323.540189858667	276.5661991775951	339.53648700752746	203.3429012330603
pegRNA_89	p.L237V	10.13022467134693	7.733880021182166	18.033387631466685	7.0194466796343935	8.81912953266305	7.593718303309306
pegRNA_90	p.L237V	60.78134802808158	28.035315076785352	51.97858787893339	71.59835613227081	48.505212429646775	23.624901388073397
pegRNA_91	p.H311R	702.0245697243423	698.9494069143383	656.627467286934	776.3508027675639	612.929502520082	773.7155204594037
pegRNA_92	p.H311R	173.2268418800325	120.84187533097135	181.3946638224002	204.9678430453243	179.02832951305993	98.71833794302097
pegRNA_93	p.H311R	160.0575498072815	104.40738028595925	140.02395102080015	137.5811549208341	186.96554609245666	96.18709850858454
pegRNA_94	p.H311R	45.58601102106118	42.53634011650192	53.03937538666672	51.94390542929451	52.9147771959783	54.843521079456096
pegRNA_95	p.H311R	4.052089868538772	19.334700052955416	13.790237600533347	5.615557343707515	16.756346112059795	6.749971825163827
pegRNA_96	p.G603V	65.84646036375504	88.93962024359492	70.01197551040008	82.82947081968584	83.78173056029898	44.71856334171036
pegRNA_97	p.G603V	26.33858414550202	20.301435055603186	38.18835027840004	26.673897382610697	22.047823831657627	23.624901388073397
pegRNA_98	p.G603V	18.234404408424474	20.301435055603186	13.790237600533347	19.654450702976302	16.756346112059795	0.0
pegRNA_99	p.G603V	116.4975837204897	135.34290037068791	185.6378138533335	141.79282292861475	134.05076889647836	126.56197172182176
pegRNA_100	p.G603V	40.52089868538772	44.46981012179746	39.249137786133375	33.69334406224509	36.15843108391851	34.59360560396462
pegRNA_101	p.E192K	158.03150487301212	183.67965050307646	171.84757625280017	200.75617503754364	203.72189220451645	215.99909840524248
pegRNA_102	p.E192K	107.38038151627745	115.04146531508472	103.95717575786678	134.77337624898036	68.7892103547718	105.46830976818481
pegRNA_103	p.E192K	211.72169563115085	196.24720553749748	161.23970117546682	185.31339234234798	159.6262445412012	196.59292940789646
pegRNA_104	p.E192K	82.05481983791013	57.03736515621848	81.68063809546675	116.52281488193093	86.42746942009789	116.43701398407602
pegRNA_105	p.E192K	86.1069097064489	61.87104016945733	76.37670055680007	109.50336820229654	63.49773263517396	92.81211259600262
pegRNA_106	p.L281M	39.50787621825303	37.70266510326306	46.674650340266716	46.328348085586995	38.80416994371742	37.96859151654653
pegRNA_107	p.L281M	111.43247138481624	122.7753453362669	98.6532382192001	162.85116296751792	126.99546527034792	104.62456329003932
pegRNA_108	p.L281M	12.156269605616316	6.7671450185343955	5.303937538666672	9.827225351488151	10.582955439195661	16.03118308476409
pegRNA_109	p.L281M	118.52362865475908	148.8771904077567	132.5984384666668	144.6006016004685	89.0732082798968	112.21828159334864
pegRNA_110	p.L281M	43.5599660867918	54.137160148275164	39.249137786133375	96.86836417895464	33.51269222411959	37.96859151654653
pegRNA_111	p.W252C	58.755303093812195	79.27227021711721	67.8904004949334	75.81002414005145	47.623299476380474	102.93707033374837
pegRNA_112	p.W252C	97.25015684493053	97.64023526742486	88.04536314186676	144.6006016004685	69.67112330803809	113.06202807149411
pegRNA_113	p.W252C	226.91703263817124	180.77944549513313	176.09072628373352	188.12117101420174	138.4603336628099	190.68670406087813
pegRNA_114	p.W252C	636.1781093605872	675.7477668507918	561.1565915909339	429.5901367936249	442.7203025396851	532.4040277097969
pegRNA_115	p.W252C	9.117202204212237	10.63408502912548	3.1823625232000032	5.615557343707515	6.1733906728641355	5.062478868872871
pegRNA_116	p.V568F	96.23713437779584	90.87309024889045	90.16693815733342	98.27225351488151	115.53059687788596	134.99943650327654
pegRNA_117	p.V568F	21.273471809828553	38.66940010591083	19.09417513920002	28.077786718537574	23.811649738190237	27.84363377880079
pegRNA_118	p.V568F	10.13022467134693	12.56755503442102	10.607875077333343	25.270008046683817	16.756346112059795	26.15614082250983
pegRNA_119	p.V568F	60.78134802808158	72.5051251985828	54.10016289440006	63.17502011670954	48.505212429646775	107.99954920262124
pegRNA_120	p.V568F	104.34131411487338	122.7753453362669	111.38268831200011	137.5811549208341	113.76677097135335	187.31171814829622
pegRNA_121	p.R71L	43.5599660867918	75.40533020652612	47.735437848000046	70.19446679634393	68.7892103547718	54.843521079456096
pegRNA_122	p.R71L	1116.3507587824317	1150.4146531508472	1084.1248329034677	864.7958309309573	746.9802714165604	707.059548685911
pegRNA_123	p.R71L	105.35433658200807	114.07473031243696	116.68662585066679	134.77337624898036	133.16885594321207	103.78081681189384
pegRNA_124	p.R71L	1157.8846799349542	1252.8885634315109	1203.9938212773345	920.9514043680324	709.9399273793756	826.8715485825688
pegRNA_125	p.R71L	415.33921152522413	501.73546637419304	385.0658653072004	366.4151166769153	464.76812637134276	527.341548840924
pegRNA_126	p.R234W	352.5318185628732	318.0558158711166	354.3030275829337	318.6828792554015	392.45126420350573	282.6550701787353
pegRNA_127	p.R234W	190.4482238213223	174.9790354792465	171.84757625280017	237.2572977716425	204.60380515778277	140.9056618502949
pegRNA_128	p.R234W	117.51060618762439	113.10799530978919	68.95118800266674	133.36948691305346	77.60833988743484	59.90599994832897
pegRNA_129	p.R234W	90.15899957498767	126.64228534685797	77.43748806453341	134.77337624898036	104.06572848542399	151.87436606618613
pegRNA_130	p.R234W	15.195337007020395	12.56755503442102	12.729450092800013	16.846672031122544	9.701042485929355	6.749971825163827
pegRNA_131	p.N414I	234.00818990811408	202.0476155533841	288.53420210346695	183.90950300642112	223.12397717637518	215.155351927097
pegRNA_132	p.N414I	275.5421110606365	241.6837506619427	306.5675897349336	256.9117484746188	268.983450746223	246.37397161847971
pegRNA_133	p.N414I	325.18021195023647	332.55684091083316	414.76791552373373	320.08676859132834	405.6799585025003	280.12383074429886
pegRNA_134	p.N414I	152.96639253733863	154.67760042364333	162.30048868320017	141.79282292861475	141.98798547587512	169.59304210724116
pegRNA_135	p.N414I	152.96639253733863	170.14536046600767	155.93576363680015	157.23560562381041	167.56346112059796	149.34312663174967
pegRNA_136	p.V369L	17.22138194128978	35.76919509796752	43.49228781706671	1.4038893359268787	19.40208497185871	21.93740843178244
pegRNA_137	p.V369L	11.143247138481623	10.63408502912548	9.54708756960001	8.423336015561272	14.11060725226088	10.124957737745742
pegRNA_138	p.V369L	11.143247138481623	6.7671450185343955	13.790237600533347	9.827225351488151	9.701042485929355	13.499943650327655
pegRNA_139	p.V369L	7.091157269942851	9.667350026477708	15.911812616000017	0.0	5.291477719597831	9.281211259600262
pegRNA_140	p.V369L	10.13022467134693	13.534290037068791	16.97260012373335	0.0	14.992520205527185	2.5312394344364355
pegRNA_141	p.H274R	35.45578634971426	37.70266510326306	28.641262708800028	50.54001609336763	45.859473569847864	14.343690128473133
pegRNA_142	p.H274R	20.26044934269386	14.501025039716563	11.668662585066679	25.270008046683817	33.51269222411959	13.499943650327655
pegRNA_143	p.H274R	127.64083085897133	171.11209546865544	182.4554513301335	162.85116296751792	138.4603336628099	140.06191537214943
pegRNA_144	p.H274R	16.20835947415509	10.63408502912548	9.54708756960001	15.442782695195666	28.22121450452176	16.03118308476409
pegRNA_145	p.H274R	27.35160661263671	44.46981012179746	29.702050216533365	35.097233398171966	41.44990880351634	44.71856334171036
pegRNA_146	p.G524C	1264.252038984097	1328.2938936380372	1174.2917710608012	979.9147564769613	1206.4569200683052	1423.4003086314221
pegRNA_147	p.G524C	4241.525069892959	4669.330062788733	3881.4214907962705	2731.968647713706	3085.8134234788013	3142.955631091907
pegRNA_148	p.G524C	5.065112335673465	4.833675013238854	5.303937538666672	14.038893359268787	3.52765181306522	7.593718303309306
pegRNA_149	p.G524C	2617.6500550760466	2954.3421680915876	2453.6015053872025	1639.7427443625943	2051.3295292974253	2347.302702200721
pegRNA_150	p.G524C	3394.6382873683565	3806.0357054242736	3442.25546259467	2038.4473157658279	2552.2560867526868	2439.2710683185783
pegRNA_151	p.G378C	3.039067401404079	1.9334700052955416	1.0607875077333344	4.211668007780636	5.291477719597831	0.8437464781454784
pegRNA_152	p.G378C	40.52089868538772	68.63818518799172	56.221737909866725	32.28945472631821	26.45738859798915	19.406168997346004
pegRNA_153	p.G378C	22.286494276963246	11.60082003177325	19.09417513920002	28.077786718537574	12.346781345728271	14.343690128473133
pegRNA_154	p.G378C	32.41671894831018	37.70266510326306	57.282525417600056	43.52056941373324	76.72642693416854	68.34346472978375
pegRNA_155	p.G378C	11.143247138481623	20.301435055603186	9.54708756960001	12.635004023341908	20.283997925125014	18.562422519200524
pegRNA_156	p.C171F	916.7853327568972	925.1653975339167	843.3260686480008	731.4263440179038	603.2284600341526	627.7473797402359
pegRNA_157	p.C171F	1171.0539720077052	1130.113218095244	1031.085457516801	807.2363681579552	840.4630444627887	836.9965063203146
pegRNA_158	p.C171F	948.1890292380726	961.901327634532	995.0186822538677	713.1757826508543	736.3973159773647	674.1534360382373
pegRNA_159	p.C171F	251.22957184940387	254.25130569636372	277.9263270261336	293.41287120871766	210.7771958306469	271.68636596284404
pegRNA_160	p.C171F	1.013022467134693	0.9667350026477708	5.303937538666672	5.615557343707515	4.409564766331525	3.3749859125819137
pegRNA_161	p.A510V	72.9376176336979	63.80451017475287	55.16095040213339	78.61780281190521	127.87737822361423	77.62467598938402
pegRNA_162	p.A510V	110.41944891768154	117.94167032302803	93.34930068053343	126.35004023341908	136.69650775627727	77.62467598938402
pegRNA_163	p.A510V	92.18504450925707	58.97083516151402	64.7080379717334	137.5811549208341	122.5859005040164	121.49949285294889
pegRNA_164	p.A510V	42.54694361965711	15.467760042364333	26.51968769333336	30.88556539039133	32.63077927085329	28.687380256946266
pegRNA_165	p.A510V	20.26044934269386	15.467760042364333	19.09417513920002	26.673897382610697	36.15843108391851	20.249915475491484
pegRNA_166	p.G558R	236.03423484238348	305.4882608366956	299.1420771808003	353.78011265357344	238.99841033516867	340.8735771707733
pegRNA_167	p.G558R	219.8258753682284	190.44679552161085	192.00253889973354	247.08452312313065	361.58431083918504	252.28019696549805
pegRNA_168	p.G558R	51.66414582386935	19.334700052955416	40.309925293866705	50.54001609336763	45.859473569847864	30.374873213237223
pegRNA_169	p.G558R	26.33858414550202	28.035315076785352	49.857012863466714	50.54001609336763	25.575475644722847	27.84363377880079
pegRNA_170	p.G558R	51.66414582386935	75.40533020652612	63.64725046400007	110.90725753822342	78.49025284070115	154.40560550062256
pegRNA_171	p.S102L	88.1329546407183	75.40533020652612	75.31591304906674	89.84891749932024	88.19129532663051	87.74963372712976
pegRNA_172	p.S102L	241.09934717805695	287.12029578638794	227.00852665493358	270.9506418338876	242.52606214823388	254.81143639993448
pegRNA_173	p.S102L	48.625078422465265	53.17042514562739	51.97858787893339	49.136126757440756	48.505212429646775	69.18721120792924
pegRNA_174	p.S102L	4.052089868538772	3.866940010591083	2.121575015466669	5.615557343707515	5.291477719597831	3.3749859125819137
pegRNA_175	p.S102L	391.0266723139915	457.26565625239556	408.40319047733374	263.9311951542532	291.03127457788065	376.3109292528834
pegRNA_176	p.I416F	39.50787621825303	29.002050079433126	28.641262708800028	18.25056136704942	36.15843108391851	50.62478868872871
pegRNA_177	p.I416F	72.9376176336979	82.17247522506052	55.16095040213339	95.46447484302774	121.7039875507501	80.99966190196594
pegRNA_178	p.I416F	5.065112335673465	0.0	3.1823625232000032	2.8077786718537574	0.0	2.5312394344364355
pegRNA_179	p.I416F	17.22138194128978	18.367965050307646	20.154962646933352	22.46222937483006	21.165910878391323	10.124957737745742
pegRNA_180	p.I416F	7.091157269942851	13.534290037068791	21.215750154666686	7.0194466796343935	1.76382590653261	11.812450694036698
pegRNA_181	p.M161I	45.58601102106118	51.23695514033185	41.37071280160004	67.38668812449018	35.2765181306522	59.90599994832897
pegRNA_182	p.M161I	88.1329546407183	97.64023526742486	125.17292591253346	112.3111468741503	86.42746942009789	134.99943650327654
pegRNA_183	p.M161I	74.96366256796728	68.63818518799172	67.8904004949334	81.42558148375896	88.19129532663051	88.59338020527524
pegRNA_184	p.M161I	51.66414582386935	68.63818518799172	48.796225355733384	71.59835613227081	85.54555646683158	101.24957737745741
pegRNA_185	p.M161I	452.82104280920777	348.9913359558453	393.55216536906704	277.970088513522	276.0387543723535	294.46752087277196
pegRNA_186	p.N238K	70.91157269942852	72.5051251985828	86.98457563413342	74.40613480412458	127.87737822361423	91.12461963971167
pegRNA_187	p.N238K	120.54967358902847	115.04146531508472	135.7808009898668	98.27225351488151	167.56346112059796	159.46808436949541
pegRNA_188	p.N238K	53.690190758138726	60.90430516680956	57.282525417600056	67.38668812449018	44.095647663315255	43.0310703854194
pegRNA_189	p.N238K	54.70321322527342	29.968785082080895	43.49228781706671	29.48167605446445	54.67860310251091	26.15614082250983
pegRNA_190	p.N238K	73.95064010083259	75.40533020652612	110.32190080426678	82.82947081968584	90.83703418642942	59.90599994832897
pegRNA_191	p.P278L	8.104179737077544	10.63408502912548	8.486300061866675	9.827225351488151	17.6382590653261	15.187436606618611
pegRNA_192	p.P278L	20.26044934269386	19.334700052955416	29.702050216533365	44.92445874966012	14.11060725226088	40.49983095098297
pegRNA_193	p.P278L	37.48183128398364	52.203690142979625	44.55307532480005	53.347794765221394	61.73390672864135	32.90611264767366
pegRNA_194	p.P278L	33.429741415444866	30.935520084728665	29.702050216533365	58.9633521089289	43.213734710048946	29.531126735091746
pegRNA_195	p.P278L	276.5551335277712	315.15561086317325	297.02050216533365	370.62678468469596	391.56935125023944	264.9363941376802
pegRNA_196	p.P361L	30.39067401404079	24.16837506619427	24.398112677866692	19.654450702976302	23.811649738190237	26.99988730065531
pegRNA_197	p.P361L	9.117202204212237	16.434495045012103	19.09417513920002	19.654450702976302	8.81912953266305	21.09366195363696
pegRNA_198	p.P361L	13.16929207275101	1.9334700052955416	8.486300061866675	2.8077786718537574	1.76382590653261	17.718676041055048
pegRNA_199	p.P361L	32.41671894831018	29.002050079433126	19.09417513920002	23.866118710756936	18.520172018592405	30.374873213237223
pegRNA_200	p.P361L	5.065112335673465	6.7671450185343955	9.54708756960001	4.211668007780636	8.81912953266305	14.343690128473133
pegRNA_201	p.Q163L	102.31526918060399	130.50922535744905	100.77481323466677	92.65669617117399	119.05824869095117	147.65563367545872
pegRNA_202	p.Q163L	51.66414582386935	60.90430516680956	48.796225355733384	64.57890945263642	63.49773263517396	85.21839429269332
pegRNA_203	p.Q163L	117.51060618762439	124.70881534156243	114.56505083520011	136.17726558490725	86.42746942009789	151.87436606618613
pegRNA_204	p.Q163L	52.67716829100404	53.17042514562739	38.18835027840004	58.9633521089289	45.859473569847864	57.37476051389253
pegRNA_205	p.Q163L	93.19806697639176	105.37411528860702	136.84158849760013	109.50336820229654	69.67112330803809	146.81188719731324
pegRNA_206	p.R240L	73.95064010083259	64.77124517740064	85.92378812640008	82.82947081968584	87.3093823733642	77.62467598938402
pegRNA_207	p.R240L	56.72925815954281	38.66940010591083	63.64725046400007	67.38668812449018	59.08816786884244	76.78092951123854
pegRNA_208	p.R240L	57.7422806266775	35.76919509796752	37.12756277066671	68.79057746041705	51.15095128944569	51.46853516687418
pegRNA_209	p.R240L	1.013022467134693	0.0	0.0	0.0	0.0	0.0
pegRNA_210	p.R240L	72.9376176336979	59.93757016416179	76.37670055680007	92.65669617117399	75.84451398090224	63.28098586091088
pegRNA_211	p.R71W	69.89855023229381	62.837775172105104	59.40410043306673	57.559462773002025	58.20625491557613	74.2496900768021
pegRNA_212	p.R71W	41.53392115252241	40.60287011120637	38.18835027840004	53.347794765221394	56.44242900904352	53.15602812316514
pegRNA_213	p.R71W	119.53665112189378	95.70676526212931	105.0179632656001	117.9267042178578	109.35720620502182	108.84329568076672
pegRNA_214	p.R71W	1080.8949724327174	1028.6060428172282	1022.5991574549344	878.8347242902261	626.1581968190766	588.0912952673984
pegRNA_215	p.R71W	473.0814921519016	452.43198123915676	421.1326405701338	360.7995593332078	381.8683087643101	491.0604502806684
pegRNA_216	p.S224F	214.7607630325549	268.7523307360803	218.52222659306688	129.15781890527285	221.36015126984256	274.21760539728047
pegRNA_217	p.S224F	283.6462907977141	316.12234586582105	281.10868954933363	279.37397784944886	351.0013553999894	370.404703905865
pegRNA_218	p.S224F	45.58601102106118	57.03736515621848	44.55307532480005	26.673897382610697	29.98504041105437	42.18732390727392
pegRNA_219	p.S224F	204.63053836120798	159.5112754368822	146.38867606720015	154.42782695195666	168.44537407386426	200.81166179862387
pegRNA_220	p.S224F	91.17202204212236	130.50922535744905	78.49827557226675	57.559462773002025	104.06572848542399	93.65585907414811
pegRNA_221	p.S45F	80.02877490364075	92.806560254186	43.49228781706671	89.84891749932024	23.811649738190237	46.40605629800131
pegRNA_222	p.S45F	59.76832556094689	42.53634011650192	70.01197551040008	94.06058550710087	77.60833988743484	80.15591542382045
pegRNA_223	p.S45F	65.84646036375504	43.503075119149685	66.82961298720006	88.44502816339336	74.96260102763593	69.18721120792924
pegRNA_224	p.S45F	231.9821449738447	191.41353052425862	230.19088917813357	311.66343257576705	327.18970566179917	247.2177180966252
pegRNA_225	p.S45F	41.53392115252241	49.30348513503631	35.00598775520004	53.347794765221394	72.31686216783702	28.687380256946266
pegRNA_226	p.W252L	66.85948283088973	67.67145018534396	47.735437848000046	73.00224546819769	48.505212429646775	90.28087316156619
pegRNA_227	p.W252L	213.74774056542023	177.87924048718983	166.5436387141335	189.52506035012863	134.93268184974468	215.99909840524248
pegRNA_228	p.W252L	180.31799914997535	191.41353052425862	156.9965511445335	147.40838027232226	156.9805056814023	205.03039418935126
pegRNA_229	p.W252L	587.553030938122	624.51081171046	568.5821041450672	409.9356860906486	436.546911866821	493.5916897151049
pegRNA_230	p.W252L	11.143247138481623	7.733880021182166	30.7628377242667	12.635004023341908	16.756346112059795	9.281211259600262
pegRNA_231	p.W403C	553.1102670555424	505.6024063847841	495.38776611146716	619.1151971437536	429.49160824069054	450.5606193296855
pegRNA_232	p.W403C	22.286494276963246	16.434495045012103	19.09417513920002	22.46222937483006	7.937216579396745	21.93740843178244
pegRNA_233	p.W403C	7.091157269942851	7.733880021182166	4.243150030933338	8.423336015561272	7.937216579396745	16.03118308476409
pegRNA_234	p.W403C	12.156269605616316	9.667350026477708	10.607875077333343	14.038893359268787	21.165910878391323	17.718676041055048
pegRNA_235	p.W403C	93.19806697639176	59.93757016416179	108.20032578880011	95.46447484302774	121.7039875507501	67.49971825163827
pegRNA_236	p.W450L	220.83889783536307	240.71701565929493	221.7045891162669	228.83396175608124	238.11649738190235	236.24901388073397
pegRNA_237	p.W450L	21.273471809828553	14.501025039716563	21.215750154666686	30.88556539039133	18.520172018592405	39.656084472837485
pegRNA_238	p.W450L	189.4352013541876	271.65253574402357	213.21828905440023	251.2961911309113	224.8878030829078	259.87391526880737
pegRNA_239	p.W450L	692.90736752013	733.751867009658	708.6060551658674	621.9229758156073	530.0296849130493	585.560055832962
pegRNA_240	p.W450L	298.84162780473446	302.58805582875226	302.3244397040003	254.10396980276505	321.01631498893505	350.99853490851905
pegRNA_241	p.Y300C	52.67716829100404	58.97083516151402	41.37071280160004	99.67614285080839	45.859473569847864	87.74963372712976
pegRNA_242	p.Y300C	21.273471809828553	44.46981012179746	42.43150030933337	75.81002414005145	41.44990880351634	65.81222529534732
pegRNA_243	p.Y300C	440.66477320359144	435.03075119149685	449.7739032789338	661.2318772215599	406.5618714557666	482.62298549921366
pegRNA_244	p.Y300C	191.46124628845698	162.4114804448255	179.27308880693352	168.46672031122546	187.84745904572299	215.99909840524248
pegRNA_245	p.Y300C	49.638100889599954	43.503075119149685	44.55307532480005	67.38668812449018	69.67112330803809	35.437352082110095
pegRNA_246	p.Y572C	97.25015684493053	102.4739102806637	77.43748806453341	91.25280683524711	92.60086009296202	155.24935197876803
pegRNA_247	p.Y572C	226.91703263817124	289.0537657916835	233.37325170133357	226.02618308422748	265.45579893315784	302.0612391760813
pegRNA_248	p.Y572C	222.86494276963248	248.4508956804771	187.7593888688002	122.13837222563845	178.1464165597936	267.46763357211665
pegRNA_249	p.Y572C	1740.3725985374026	1685.0191096150645	1538.1418862133348	1137.1503621007716	1129.7304931341369	1152.5576891467235
pegRNA_250	p.Y572C	101.3022467134693	96.67350026477708	109.26111329653344	68.79057746041705	71.43494921457071	179.7179998449869
pegRNA_251	p.R260L	32.41671894831018	41.569605113854145	41.37071280160004	44.92445874966012	37.92225699045112	74.2496900768021
pegRNA_252	p.R260L	58.755303093812195	61.87104016945733	82.74142560320008	58.9633521089289	99.65616371909248	59.06225347018349
pegRNA_253	p.R260L	41.53392115252241	43.503075119149685	40.309925293866705	44.92445874966012	40.56799585025003	71.71845064236567
pegRNA_254	p.R260L	50.65112335673465	32.868990090024205	31.823625232000033	42.116680077806365	20.283997925125014	42.18732390727392
pegRNA_255	p.R260L	3.039067401404079	0.0	1.0607875077333344	2.8077786718537574	0.881912953266305	0.8437464781454784
pegRNA_256	p.A184G	136.75803306318355	145.9769853998134	142.1455260362668	272.3545311698145	206.3676310643154	171.2805350635321
pegRNA_257	p.A184G	71.92459516656321	73.47186020123058	67.8904004949334	131.9655975771266	132.28694298994574	64.12473233905637
pegRNA_258	p.A184G	41.53392115252241	54.137160148275164	59.40410043306673	75.81002414005145	50.269038336179385	83.53090133640237
pegRNA_259	p.A184G	256.29468418507736	210.74823057721403	182.4554513301335	488.5534889025538	244.2898880547665	270.84261948469856
pegRNA_260	p.A184G	39.50787621825303	29.002050079433126	39.249137786133375	43.52056941373324	56.44242900904352	38.81233799469201
pegRNA_261	p.R415H	204.63053836120798	241.6837506619427	232.31246419360025	193.73672835790927	257.5185823537611	156.93684493505899
pegRNA_262	p.R415H	263.38584145502017	166.27842045541658	255.6497893637336	157.23560562381041	248.69945282109802	161.99932380393187
pegRNA_263	p.R415H	137.77105553031825	89.90635524624268	103.95717575786678	127.75392956934596	89.95512123316311	73.40594359865662
pegRNA_264	p.R415H	33.429741415444866	47.37001512974077	85.92378812640008	43.52056941373324	58.20625491557613	83.53090133640237
pegRNA_265	p.R415H	28.364629079771404	78.30553521446943	50.91780037120005	44.92445874966012	42.331821756782645	54.843521079456096
pegRNA_266	p.R536C	23.29951674409794	24.16837506619427	23.337325170133358	32.28945472631821	19.40208497185871	28.687380256946266
pegRNA_267	p.R536C	43.5599660867918	48.33675013238854	33.9452002474667	43.52056941373324	44.977560616581556	65.81222529534732
pegRNA_268	p.R536C	98.26317931206522	84.10594523035606	112.44347581973345	143.19671226454162	98.77425076582617	119.81199989665794
pegRNA_269	p.S508R	390.0136498468568	406.9954361147115	325.66176487413367	633.1540905030223	505.3361222215928	443.8106475045216
pegRNA_270	p.S508R	559.1884018583505	511.40281640067076	445.53075324800045	697.7329999556587	501.80847040852757	516.3728446250328
pegRNA_271	p.S508R	292.7634930019263	293.88744080492233	250.34585182506692	370.62678468469596	306.9057077366742	336.6548447800459
pegRNA_272	p.S508R	452.82104280920777	435.99748619414464	346.87751502880036	388.8773460517454	371.28535332511444	334.96735182375494
pegRNA_273	p.S508R	168.16172954435905	136.30963537333568	135.7808009898668	275.1623098416682	239.88032328843497	253.12394344364353
pegRNA_274	p.G480R	256.29468418507736	319.0225508737644	218.52222659306688	175.48616699085983	236.35267147536976	350.99853490851905
pegRNA_275	p.G480R	480.1726494218445	528.8040464483306	412.6463405082671	327.10621527096276	423.3182175678264	507.935379843578
pegRNA_276	p.G480R	165.12266214295497	145.9769853998134	163.3612761909335	234.44951909978874	155.21667977486968	156.93684493505899
pegRNA_277	p.G480R	28.364629079771404	22.23490506089873	22.276537662400024	28.077786718537574	25.575475644722847	33.749859125819135
pegRNA_278	p.G480R	259.3337515864814	349.958070958493	225.94773914720022	227.43007242015435	264.5738859798915	385.59214051248364
pegRNA_279	p.H210P	10.13022467134693	16.434495045012103	5.303937538666672	28.077786718537574	16.756346112059795	8.437464781454784
pegRNA_280	p.H210P	11.143247138481623	12.56755503442102	10.607875077333343	14.038893359268787	16.756346112059795	13.499943650327655
pegRNA_281	p.H210P	15.195337007020395	21.26817005825096	12.729450092800013	18.25056136704942	10.582955439195661	16.03118308476409
pegRNA_282	p.H210P	6.078134802808158	0.9667350026477708	0.0	4.211668007780636	3.52765181306522	5.062478868872871
pegRNA_283	p.H210P	12.156269605616316	17.401230047659872	8.486300061866675	26.673897382610697	18.520172018592405	27.84363377880079
pegRNA_284	p.M550K	161.07057227441618	162.4114804448255	197.3064764384002	209.17951105310493	320.1344020356687	188.1554646264417
pegRNA_285	p.M550K	79.01575243650606	45.436545124445225	64.7080379717334	109.50336820229654	128.75929117688054	92.81211259600262
pegRNA_286	p.M550K	81.04179737077544	37.70266510326306	65.76882547946673	105.2917001945159	128.75929117688054	71.71845064236567
pegRNA_287	p.M550K	168.16172954435905	96.67350026477708	203.6712014848002	183.90950300642112	255.75475644722846	181.40549280127786
pegRNA_288	p.M550K	148.91430266879988	113.10799530978919	178.2123012992002	204.9678430453243	282.2121450452176	215.99909840524248
pegRNA_289	p.V465L	47.612055955330575	19.334700052955416	48.796225355733384	47.73223742151387	48.505212429646775	49.78104221058323
pegRNA_290	p.V465L	76.98970750223667	57.03736515621848	72.13355052586674	63.17502011670954	87.3093823733642	58.21850699203801
pegRNA_291	p.V465L	85.09388723931421	75.40533020652612	99.71402572693343	165.65894163937168	134.05076889647836	136.6869294595675
pegRNA_292	p.V465L	43.5599660867918	40.60287011120637	74.25512554133341	58.9633521089289	69.67112330803809	60.749746426474445
pegRNA_293	p.V465L	19.247426875559167	5.800410015886625	9.54708756960001	11.23111468741503	8.81912953266305	10.124957737745742
pegRNA_294	p.Glu79Gln	41.53392115252241	30.935520084728665	29.702050216533365	29.48167605446445	34.3946051773859	53.15602812316514
pegRNA_295	p.Glu79Gln	44.57298855392649	57.03736515621848	60.46488794080006	56.15557343707515	53.796690149244604	58.21850699203801
pegRNA_296	p.Glu79Gln	125.61478592470193	168.2118904607121	127.29450092800013	138.985044256761	147.27946319547294	222.74907023040632
pegRNA_297	p.Glu79Gln	98.26317931206522	123.74208033891466	76.37670055680007	112.3111468741503	148.16137614873924	118.96825341851246
pegRNA_298	p.Glu79Gln	99.27620177919991	113.10799530978919	107.13953828106678	126.35004023341908	151.68902796180447	164.5305632383683
pegRNA_299	p.Arg34Gly	909.6941754869544	1152.3481231561427	739.3688928901341	798.813032142394	1323.7513428527238	1365.181801639384
pegRNA_300	p.Arg34Gly	1474.960712148113	2050.444940615922	1315.3765095893348	1274.731517021606	1659.7601780471862	2176.0221671371887
pegRNA_301	p.Arg34Gly	1168.0149046063011	1691.786254633599	1113.8268831200012	933.5864083913743	1506.307324178849	1616.6182521267367
pegRNA_302	p.Arg34Gly	1472.9346672138436	1944.1040903246671	1439.488647994135	1604.6455109644223	1882.002242270295	2229.178195260354
pegRNA_303	p.Arg34Gly	1153.8325900664154	1522.607629170239	1101.097433027201	1068.3597846403547	1452.5106340296045	1619.1494915611731
pegRNA_304	p.Gly31Glu	1702.890767253419	2320.1640063546497	1766.211200376002	1497.9499214339796	2109.5357842130015	2683.957546980767
pegRNA_305	p.Gly31Glu	2014.9016871309045	2775.49619260175	2045.1983149098687	1698.7060964715233	2299.147069165257	2739.6448145383683
pegRNA_306	p.Gly31Glu	1826.4795082438516	2522.211621908034	1664.3755996336017	1448.813794676539	2162.45056140898	2677.207575155603
pegRNA_307	p.Gly31Glu	2048.3314285463493	2482.5754867994756	1933.8156265978687	1700.1099858074501	2012.5253593537082	2239.3031529981
pegRNA_308	p.Gly31Glu	1263.2390165169622	1713.0544246918498	1244.3037465712014	1191.90204620192	1491.314803973322	2316.9278289874837
pegRNA_309	p.Glu82Asp	511.57634590301996	629.3444867236988	438.10524069386713	359.39566999728095	455.9489968386797	490.21670380252294
pegRNA_310	p.Glu82Asp	256.29468418507736	355.75848097437967	214.27907656213355	116.52281488193093	227.5335419427067	339.1860842144823
pegRNA_311	p.Glu82Asp	355.57088596427724	414.72931613589367	322.47940235093364	297.6245392164983	272.51110255928825	387.2796334687746
pegRNA_312	p.Glu82Asp	89.14597710785299	171.11209546865544	108.20032578880011	98.27225351488151	107.59338029848921	214.31160544895152
pegRNA_313	p.Glu82Asp	60.78134802808158	80.23900521976498	54.10016289440006	56.15557343707515	71.43494921457071	100.40583089931194
pegRNA_314	S45S	59.76832556094689	43.503075119149685	56.221737909866725	49.136126757440756	23.811649738190237	37.96859151654653
pegRNA_315	S45S	43.5599660867918	64.77124517740064	49.857012863466714	37.90501207002573	47.623299476380474	25.312394344364353
pegRNA_316	R71R	705.0636371257464	776.2882071261599	757.4022805216008	596.6529677689234	596.1731564080222	641.2473233905636
pegRNA_317	R71R	97.25015684493053	95.70676526212931	94.41008818826677	136.17726558490725	80.25407874723376	105.46830976818481
pegRNA_318	S102S	113.45851631908562	109.2410552991981	172.90836376053352	131.9655975771266	192.25702381205448	113.06202807149411
pegRNA_319	S102S	881.3295464071829	914.5313125047911	884.6967814496008	602.268525112631	604.9922859406853	686.8096332104194
pegRNA_320	V155V	104.34131411487338	104.40738028595925	88.04536314186676	95.46447484302774	66.14347149497287	91.12461963971167
pegRNA_321	V155V	42.54694361965711	49.30348513503631	38.18835027840004	54.75168410114827	36.15843108391851	68.34346472978375
pegRNA_322	Q163Q	166.13568461008964	156.61107042893886	188.82017637653354	188.12117101420174	130.52311708341315	194.06168997346003
pegRNA_323	Q163Q	114.47153878622031	129.5424903548013	100.77481323466677	122.13837222563845	84.66364351356529	121.49949285294889
pegRNA_324	C171C	712.1547943956892	778.2216771314555	648.1411672250673	610.6918611281923	654.3794113235983	532.4040277097969
pegRNA_325	C171C	2.026044934269386	3.866940010591083	5.303937538666672	5.615557343707515	0.881912953266305	5.062478868872871
pegRNA_326	A184A	368.7401780370283	363.4923609955618	400.9776779232004	453.45625550438183	367.7577015120492	350.15478843037357
pegRNA_327	A184A	83.06784230504482	76.3720652091739	61.5256754485334	108.09947886636967	97.01042485929355	106.31205624633029
pegRNA_328	G186G	274.5290885935018	203.98108555867964	193.06332640746686	263.9311951542532	214.30484764371212	239.62399979331587
pegRNA_329	G186G	53.690190758138726	56.070630153570704	74.25512554133341	56.15557343707515	89.0732082798968	151.87436606618613
pegRNA_330	E192E	73.95064010083259	115.04146531508472	125.17292591253346	106.69558953044279	68.7892103547718	117.28076046222151
pegRNA_331	E192E	91.17202204212236	73.47186020123058	68.95118800266674	84.23336015561273	91.71894713969573	85.21839429269332
pegRNA_332	H210H	153.97941500447334	175.94577048189427	119.86898837386678	185.31339234234798	191.3751108587882	286.87380256946267
pegRNA_333	H210H	16.20835947415509	33.83572509267198	9.54708756960001	19.654450702976302	7.937216579396745	19.406168997346004
pegRNA_334	S224S	46.59903348819588	71.53839019593504	85.92378812640008	37.90501207002573	71.43494921457071	70.87470416422019
pegRNA_335	S224S	297.82860533759975	300.6545858234567	284.2910520725336	268.14286316203385	364.230049698984	356.0610137773919
pegRNA_336	R234R	110.41944891768154	125.67555034421021	107.13953828106678	151.6200482801029	100.53807667235877	167.06180267280473
pegRNA_337	R234R	194.50031368986106	224.28252061428282	178.2123012992002	204.9678430453243	153.4528538683371	218.5303378396789
pegRNA_338	L237L	70.91157269942852	59.93757016416179	73.19433803360008	67.38668812449018	81.13599170050006	87.74963372712976
pegRNA_339	L237L	18.234404408424474	22.23490506089873	35.00598775520004	21.058340038903182	25.575475644722847	26.15614082250983
pegRNA_340	N238N	127.64083085897133	75.40533020652612	112.44347581973345	122.13837222563845	111.12103211155443	93.65585907414811
pegRNA_341	N238N	122.57571852329785	100.54044027536816	166.5436387141335	133.36948691305346	221.36015126984256	141.74940832844038
pegRNA_342	R240R	50.65112335673465	41.569605113854145	60.46488794080006	46.328348085586995	45.859473569847864	43.0310703854194
pegRNA_343	R240R	79.01575243650606	37.70266510326306	83.80221311093342	56.15557343707515	82.01790465376637	58.21850699203801
pegRNA_344	R260R	52.67716829100404	58.97083516151402	51.97858787893339	78.61780281190521	74.08068807436962	67.49971825163827
pegRNA_345	R260R	6.078134802808158	9.667350026477708	5.303937538666672	21.058340038903182	2.6457388597989153	10.96870421589122
pegRNA_346	R272R	36.46880881684895	38.66940010591083	55.16095040213339	22.46222937483006	41.44990880351634	32.06236616952818
pegRNA_347	R272R	16.20835947415509	9.667350026477708	11.668662585066679	25.270008046683817	22.047823831657627	13.499943650327655
pegRNA_348	H274H	12.156269605616316	29.002050079433126	28.641262708800028	9.827225351488151	35.2765181306522	11.812450694036698
pegRNA_349	H274H	106.36735904914276	77.33880021182166	130.47686345120013	81.42558148375896	163.15389635426644	77.62467598938402
pegRNA_350	P278P	11.143247138481623	8.700615023829936	6.3647250464000065	18.25056136704942	8.81912953266305	10.124957737745742
pegRNA_351	P278P	131.69292072751009	96.67350026477708	165.48285120640017	193.73672835790927	193.1389367653208	119.81199989665794
pegRNA_352	L281L	83.06784230504482	68.63818518799172	53.03937538666672	101.08003218673527	51.15095128944569	62.437239382765405
pegRNA_353	L281L	39.50787621825303	48.33675013238854	49.857012863466714	67.38668812449018	68.7892103547718	48.93729573243775
pegRNA_354	C297C	13.16929207275101	20.301435055603186	13.790237600533347	28.077786718537574	14.11060725226088	20.249915475491484
pegRNA_355	C297C	100.28922424633461	105.37411528860702	96.53166320373343	89.84891749932024	108.47529325175552	132.4681970688401
pegRNA_356	Y300Y	119.53665112189378	125.67555034421021	115.62583834293345	181.10172433456736	137.5784207095436	164.5305632383683
pegRNA_357	Y300Y	85.09388723931421	45.436545124445225	50.91780037120005	58.9633521089289	49.387125382913084	33.749859125819135
pegRNA_358	H311H	140.81012293172233	118.9084053256758	108.20032578880011	151.6200482801029	122.5859005040164	79.31216894567497
pegRNA_359	H311H	140.81012293172233	101.50717527801594	154.87497612906682	138.985044256761	159.6262445412012	91.12461963971167
pegRNA_360	R320R	85.09388723931421	108.27432029655033	92.2885131728001	74.40613480412458	127.87737822361423	107.15580272447576
pegRNA_361	R320R	22.286494276963246	46.403280127093	54.10016289440006	56.15557343707515	33.51269222411959	45.562309819855834
pegRNA_362	G332G	49.638100889599954	32.868990090024205	37.12756277066671	63.17502011670954	14.992520205527185	13.499943650327655
pegRNA_363	G332G	150.94034760306926	159.5112754368822	121.99056338933346	296.2206498805714	184.31980723265775	126.56197172182176
pegRNA_364	G333G	160.0575498072815	129.5424903548013	116.68662585066679	164.2550523034448	139.34224661607618	118.12450694036698
pegRNA_365	G333G	30.39067401404079	30.935520084728665	33.9452002474667	30.88556539039133	29.98504041105437	25.312394344364353
pegRNA_366	P361P	22.286494276963246	19.334700052955416	28.641262708800028	22.46222937483006	23.811649738190237	18.562422519200524
pegRNA_367	P361P	1.013022467134693	2.9002050079433124	3.1823625232000032	0.0	2.6457388597989153	0.8437464781454784
pegRNA_368	R362R	24.312539211232632	17.401230047659872	18.033387631466685	23.866118710756936	13.228694298994576	19.406168997346004
pegRNA_369	R362R	0.0	0.9667350026477708	1.0607875077333344	0.0	0.881912953266305	0.0
pegRNA_370	G364G	1.013022467134693	2.9002050079433124	4.243150030933338	1.4038893359268787	2.6457388597989153	7.593718303309306
pegRNA_371	G364G	7.091157269942851	4.833675013238854	20.154962646933352	21.058340038903182	7.05530362613044	10.124957737745742
pegRNA_372	V369V	0.0	6.7671450185343955	5.303937538666672	1.4038893359268787	0.0	0.0
pegRNA_373	V369V	14.182314539885702	16.434495045012103	13.790237600533347	12.635004023341908	19.40208497185871	4.218732390727392
pegRNA_374	G378G	9.117202204212237	2.9002050079433124	7.425512554133341	2.8077786718537574	0.881912953266305	4.218732390727392
pegRNA_375	G378G	62.80739296235097	39.636135108558605	66.82961298720006	36.50112273409884	37.04034403718481	28.687380256946266
pegRNA_376	R413R	104.34131411487338	118.9084053256758	149.57103859040015	151.6200482801029	131.40503003667945	79.31216894567497
pegRNA_377	R413R	68.88552776515913	55.10389515092294	83.80221311093342	110.90725753822342	83.78173056029898	93.65585907414811
pegRNA_378	N414N	57.7422806266775	38.66940010591083	58.34331292533339	23.866118710756936	56.44242900904352	43.0310703854194
pegRNA_379	N414N	179.30497668284067	107.30758529390256	121.99056338933346	106.69558953044279	140.2241595693425	147.65563367545872
pegRNA_380	R415R	213.74774056542023	171.11209546865544	170.78678874506684	127.75392956934596	199.31232743818495	136.6869294595675
pegRNA_381	R415R	67.87250529802444	64.77124517740064	68.95118800266674	30.88556539039133	76.72642693416854	86.0621407708388
pegRNA_382	I416I	0.0	0.0	0.0	0.0	0.0	0.0
pegRNA_383	I416I	69.89855023229381	64.77124517740064	90.16693815733342	73.00224546819769	96.12851190602724	63.28098586091088
pegRNA_384	G430G	28.364629079771404	15.467760042364333	36.06677526293337	21.058340038903182	39.68608289698373	19.406168997346004
pegRNA_385	G430G	53.690190758138726	58.00410015886625	53.03937538666672	42.116680077806365	52.032864242711995	34.59360560396462
pegRNA_386	G462G	190.4482238213223	136.30963537333568	166.5436387141335	280.7778671853757	142.86989842914141	169.59304210724116
pegRNA_387	G462G	166.13568461008964	174.9790354792465	129.4160759434668	196.54450702976303	163.15389635426644	141.74940832844038
pegRNA_388	V465V	51.66414582386935	27.068580074137582	42.43150030933337	54.75168410114827	53.796690149244604	44.71856334171036
pegRNA_389	V465V	36.46880881684895	29.002050079433126	54.10016289440006	50.54001609336763	62.61581968190766	43.0310703854194
pegRNA_390	G480G	345.4406612929303	420.52972615178027	374.45799022986705	280.7778671853757	308.66953364320676	396.5608447283749
pegRNA_391	G480G	138.78407799745295	120.84187533097135	150.63182609813347	171.2744989830792	140.2241595693425	153.56185902247708
pegRNA_392	S508S	63.820415429485664	87.00615023829937	67.8904004949334	63.17502011670954	52.032864242711995	79.31216894567497
pegRNA_393	S508S	93.19806697639176	71.53839019593504	96.53166320373343	122.13837222563845	97.01042485929355	75.09343655494759
pegRNA_394	A510A	85.09388723931421	56.070630153570704	70.01197551040008	129.15781890527285	93.48277304622833	37.96859151654653
pegRNA_395	A510A	17.22138194128978	9.667350026477708	21.215750154666686	14.038893359268787	18.520172018592405	26.99988730065531
pegRNA_396	G524G	1405.0621619158192	1554.5098842576153	1307.9509970352012	1073.9753419840622	1306.994996740664	1588.774618347936
pegRNA_397	G524G	4263.811564169923	4422.812637113551	4069.1808796650707	2472.2491205672336	2896.2021385265457	3386.7983632759506
pegRNA_398	R536R	29.377651546906097	25.13511006884204	23.337325170133358	32.28945472631821	24.693562691456542	28.687380256946266
pegRNA_399	R536R	110.41944891768154	140.17657538392677	93.34930068053343	102.48392152266214	88.19129532663051	127.40571819996724
pegRNA_400	G558G	45.58601102106118	29.968785082080895	32.884412739733364	65.9827987885633	34.3946051773859	25.312394344364353
pegRNA_401	G558G	215.7737854996896	261.0184507148981	205.79277650026688	196.54450702976303	201.07615334471754	226.9678026211337
pegRNA_402	V568V	73.95064010083259	59.93757016416179	61.5256754485334	98.27225351488151	88.19129532663051	66.6559717734928
pegRNA_403	V568V	887.4076812099911	979.3025576821918	795.5906308000008	745.4652373771726	808.7141781452017	691.0283656011468
pegRNA_404	Y572Y	518.6675031729628	558.7728315304115	532.5153288821339	363.6073380050616	361.58431083918504	494.4354361932504
pegRNA_405	Y572Y	110.41944891768154	141.14331038657454	117.74741335840012	94.06058550710087	116.41250983115226	179.7179998449869
pegRNA_406	R601R	154.99243747160804	161.44474544217772	185.6378138533335	122.13837222563845	209.8952828773806	167.06180267280473
pegRNA_407	R601R	139.79710046458763	108.27432029655033	146.38867606720015	143.19671226454162	126.99546527034792	102.09332385560289
pegRNA_408	G603G	140.81012293172233	112.14126030714141	147.44946357493347	172.67838831900607	141.1060725226088	95.34335203043906
pegRNA_409	G603G	97.25015684493053	133.40943036539238	158.05733865226682	82.82947081968584	141.98798547587512	142.59315480658586
pegRNA_410	safe-target-1	2007.8105298609617	2360.766876465856	1921.0861765050686	1570.9521669021772	2006.351968680844	1780.3050688869596
pegRNA_411	safe-target-2	537.914930048522	587.7748816098447	491.1446160805338	443.6290301528937	507.0999481281254	462.37307002372216
pegRNA_412	safe-target-3	1159.9107248692235	1318.6265436115593	1048.0580576405343	1033.2625512421828	1145.6049262929303	1184.6200553162516
pegRNA_413	safe-target-4	2115.190911377239	2388.8021915426416	1985.794214476802	1314.0404184275585	1647.4133967014577	1447.868956497641
pegRNA_414	safe-target-5	1323.007342077909	1570.9443793026276	1262.337134202668	978.5108671410345	1085.6348454708216	1037.8081681189385
pegRNA_415	safe-target-6	2405.9283594448957	3202.7930637720647	2104.6024153429353	2403.4585431068163	2834.4682317979045	2727.8323638443317
pegRNA_416	safe-target-7	2694.6397625782834	3166.0571336714493	2567.1057687146695	2041.2550944376817	2558.429477425551	2654.426420245675
pegRNA_417	safe-target-8	2628.7933022145285	3286.899009002421	2154.459428206402	2164.797355999247	2996.7402151989045	2808.832025746298
pegRNA_418	safe-target-9	177.27893174857127	165.3116854527688	123.0513508970668	141.79282292861475	73.19877512110332	75.09343655494759
pegRNA_419	safe-target-10	409.26107672241596	679.6147068613828	403.09925293866706	1326.6754224509004	2356.471411127567	1529.7123648777524
pegRNA_420	safe-target-11	307.9588300089467	310.32193584993445	275.80475201066696	303.2400965602058	232.82501966230453	298.68625326349934
pegRNA_421	safe-target-12	51.66414582386935	37.70266510326306	53.03937538666672	35.097233398171966	50.269038336179385	40.49983095098297
pegRNA_422	safe-target-13	73.95064010083259	58.00410015886625	58.34331292533339	47.73223742151387	21.165910878391323	54.843521079456096
pegRNA_423	safe-target-14	2875.9707841953937	3735.4640502309862	2509.8232432970694	2161.9895773273934	2953.5264804888557	2645.9889554642205
pegRNA_424	safe-target-15	287.69838066625283	447.5983062259179	213.21828905440023	1165.2281488193094	2041.6284868114963	1208.2449567043252
pegRNA_425	safe-target-16	6634.284137265105	8630.04336863665	5803.568454809072	4931.863237111125	6281.865966115891	6184.661684806357
pegRNA_426	safe-target-17	5739.78529878517	7387.788890234265	4948.573723576005	4651.08536992575	5804.75105839882	5190.728333550984
pegRNA_427	safe-target-18	6261.491869359537	7621.738760875025	5085.4153120736055	4812.532643557341	6465.303860395282	5974.568811748133
pegRNA_428	safe-target-19	4192.899991470495	5264.8388244197595	4271.791293642138	3245.7921446629434	4136.17175081897	3877.0150670784733
pegRNA_429	safe-target-20	3352.0913437486993	4983.518938649258	3169.633073107203	3429.701647669365	4699.714127956139	3831.4527572586176
pegRNA_430	safe-target-21	2616.6370326089122	3136.0883485893683	2064.292490049069	1950.0022876024345	3444.7519954581876	2782.6758849237876
pegRNA_431	safe-target-22	2241.818719769076	2824.799677736786	2055.8061899872023	1799.7861286582586	2349.4161075014367	2086.585040453768
pegRNA_432	safe-target-23	2888.12705380101	3733.5305802256908	2556.497893637336	2521.3852473246743	2880.327705367752	3029.893603020413
pegRNA_433	safe-target-24	28.364629079771404	9.667350026477708	16.97260012373335	15.442782695195666	15.87443315879349	9.281211259600262
pegRNA_434	safe-target-25	497.3940313631343	533.6377214615695	406.2816154618671	557.3440663629708	627.0401097723429	657.2785064753277
pegRNA_435	safe-target-26	258.3207291193467	312.25540585523	229.13010167040022	473.11070620735813	733.7515771175658	599.0599994832896
pegRNA_436	safe-target-27	2708.822077118169	3029.7474982981134	2330.550154490136	1906.4817181887013	2338.833152062241	2020.7728151584208
pegRNA_437	safe-target-28	159.0445273401468	173.04556547395097	137.90237600533348	99.67614285080839	159.6262445412012	171.2805350635321
pegRNA_438	safe-target-29	235.02121237524878	218.4821105983962	199.42805145386686	105.2917001945159	103.1838155321577	165.37430971651378
pegRNA_439	safe-target-30	1.013022467134693	11.60082003177325	0.0	0.0	0.0	0.0
pegRNA_440	safe-target-31	3087.6924798265445	4219.7982865575195	2981.8736842384033	2723.545311698145	3444.7519954581876	3106.6745325316515
pegRNA_441	safe-target-32	3679.297600633205	4399.610997050005	3144.1741729216033	2698.275303651461	3467.6817322431116	3430.6731801395154
pegRNA_442	safe-target-33	3670.1803984289927	4853.009713291809	3633.1972139866702	2896.223700017151	3364.4979167109536	3348.8297717594037
pegRNA_443	safe-target-34	61.79437049521627	63.80451017475287	48.796225355733384	39.308901405952604	101.41998962562508	41.343577429128445
pegRNA_444	safe-target-35	2017.9407545323086	2720.392297450827	1962.4568893066687	1444.6021266687583	2088.3698733346105	1769.3363646710682
pegRNA_445	safe-target-36	1984.5110131168635	2653.687582268131	2052.6238274640023	1714.1488791667189	2169.50586503511	2004.7416320736568
pegRNA_446	safe-target-37	7321.113369982427	8800.188729102658	6932.24636303734	4917.824343751856	5989.070865631477	5821.850699203801
pegRNA_447	safe-target-38	5651.652344144452	6621.168033134582	4768.239847261339	4568.255899106063	4969.579491655629	5040.541460441088
pegRNA_448	safe-target-39	7085.079135140043	8515.968638324213	6166.357782453873	4566.852009770137	5697.1576781003305	5734.1010654766715
pegRNA_449	safe-target-40	6185.515184324436	7496.063210530815	5485.332202489072	4479.81087094267	5354.975452233004	5167.1034321629095
pegRNA_450	safe-target-41	1406.075184382954	1771.0585248507161	1346.1393473136013	1127.3231367492835	1490.4328910200554	1317.9319988632374
pegRNA_451	safe-target-42	357.59693089854665	457.26565625239556	284.2910520725336	433.8018048014055	582.0625491557613	500.3416615402687
pegRNA_452	safe-target-43	420.4043238608976	443.7313662153268	358.54617761386703	318.6828792554015	656.1432372301309	515.5290981468873
pegRNA_453	safe-target-44	3768.443577741058	4516.585932370385	2970.205021653336	3862.0995631348433	4593.002660610917	3744.5468700096335
pegRNA_454	safe-target-45	4444.129563319898	5260.9718844091685	4434.091782325338	3261.2349273581394	4000.35715601596	3850.015179777818
pegRNA_455	safe-target-46	2775.6815599490587	3306.233709055376	2620.145144101336	2191.471253381858	2363.5267147536974	2466.2709556192335
pegRNA_456	safe-target-47	1734.2944637345945	2383.9685165294027	1769.3935628992017	1780.1316779552822	2260.34289922154	2014.8665898114025
pegRNA_457	safe-target-48	1997.6803051896147	2071.7131106741726	1959.2745267834687	1398.2737785831712	1687.0994795984416	1542.3685620499346
pegRNA_458	safe-target-49	3203.1770410798995	3228.8949088435543	2974.4481716842697	2059.505655804731	2380.2830608657573	2390.33377258614
pegRNA_459	safe-target-50	1298.6948028666764	1428.8343339134053	1140.3465708133344	957.4525271021313	952.4659895276094	988.8708723865008
pegRNA_460	non-target-1	3075.536210220928	3165.0903986688018	2817.4516205397363	2268.685166857836	1733.8408661215558	1948.2106180379096
pegRNA_461	non-target-2	1055.5694107543502	827.5251622664917	987.5931696997343	1055.7247806170128	1136.7857967602672	603.2787318740171
pegRNA_462	non-target-3	0.0	0.0	1.0607875077333344	0.0	0.0	0.8437464781454784
pegRNA_463	non-target-4	592.6181432737955	566.5067115515936	513.4211537429338	717.387450658635	470.9415170442069	514.6853516687419
pegRNA_464	non-target-5	2021.9928444008472	1594.146019366174	2427.081817693869	1641.146633698521	1922.570238120545	1225.1198862672347
pegRNA_465	non-target-6	1025.1787367403094	1200.6848732885314	931.3714317898676	1123.111468741503	794.6035708929409	906.1837175282438
pegRNA_466	non-target-7	1623.8750148169129	1806.8277199486836	1408.7258102698681	1043.0897765936709	1126.2028413210714	1331.431942513565
pegRNA_467	non-target-8	1440.5179482655335	1852.2642650731289	1635.7343369248017	1232.6148369437994	1019.4913739758487	1020.9332385560289
pegRNA_468	non-target-9	694.9334124543994	664.1469468190186	682.086367472534	415.5512434343561	470.0596040909406	513.8416051905964
pegRNA_469	non-target-10	2423.1497413861857	2884.737247900948	2405.8660675392025	1431.9671226454163	1586.5614029260828	1818.273660403506
pegRNA_470	non-target-11	1548.9113522489456	1581.578464331753	1248.5468966021347	1656.5894163937169	1248.788741825088	1266.463463696363
pegRNA_471	non-target-12	1408.1012293172232	1783.6260798851372	1526.4732236282682	1380.0232172161218	1058.295543919566	1241.9948158301443
pegRNA_472	non-target-13	2525.4650105667897	2749.3943475302603	2500.2761557274694	1448.813794676539	1917.2787604009472	2132.147350273624
pegRNA_473	non-target-14	1709.9819245233618	2050.444940615922	1736.5091501594684	1226.999279600092	1369.6108164225718	1429.3065339784405
pegRNA_474	non-target-15	1675.5391606407823	1973.1061404041002	1472.3730607338682	1311.2326397557047	1358.1459480301098	1312.8695199943645
pegRNA_475	non-target-16	1489.1430266879988	1598.9796943794129	1454.3396731024015	836.7180442124197	988.624420611528	1002.3708160368284
pegRNA_476	non-target-17	1173.0800169419745	1012.1715477722161	1065.0306577642677	1371.5998812005605	655.2613242768647	712.9657740329293
pegRNA_477	non-target-18	2768.590402679116	3458.977839473724	2815.3300455242697	1947.1945089305807	2383.8107126788227	2590.3016879066186
pegRNA_478	non-target-19	2065.552810487639	2258.2929661851927	2053.6846149717353	1024.8392152266215	1404.0054215999576	1478.2438297108781
pegRNA_479	non-target-20	2515.3347858954426	2838.333967773855	2542.7076560368027	1330.887090458681	1868.7735479713003	1825.0236322286698
pegRNA_480	non-target-21	2875.9707841953937	3263.697368938874	2836.5457956789364	1721.1683258463534	1801.7481635230613	1912.7732659557996
pegRNA_481	non-target-22	2684.5095379069367	3079.05098343315	2640.300106748269	1622.8960723314717	1969.3116246436591	1944.8356321253277
pegRNA_482	non-target-23	3262.9453666408463	3750.9318102733505	3134.627085352003	2069.332881156219	2144.8123023436538	2223.271969913336
pegRNA_483	non-target-24	3265.98443404225	3385.5059792724933	3044.46014719467	1718.3605471744995	2016.9349241200396	1924.5857166498363
pegRNA_484	non-target-25	2106.0737091730266	2244.758676148124	1948.6666517061353	1082.3986779996235	1544.2295811693002	1608.180787345282
pegRNA_485	non-target-26	1184.2232640804561	1150.4146531508472	1139.2857833056012	1090.8220140151848	802.5407874723376	826.0278021044234
pegRNA_486	non-target-27	2314.7563374027736	2306.629716317581	1975.1863393994686	1458.641020028027	1777.9365137848708	1846.1172941823068
pegRNA_487	non-target-28	1641.0963967582027	1840.6634450413555	1725.901275082135	1549.8938268632742	1146.4868392461965	1161.8389004063238
pegRNA_488	non-target-29	3389.5731750326827	3994.549030940589	3277.8333988960035	2361.34186302901	2665.140944770774	2344.7714627662845
pegRNA_489	non-target-30	3188.9947265400137	3567.2521597702744	2970.205021653336	2979.0531708368367	2251.5237696888767	2329.584026159666
pegRNA_490	non-target-31	4093.6237896912944	4846.242568273275	3892.029365873604	2258.8579415063477	2750.686501237605	2730.363603278768
pegRNA_491	non-target-32	2322.8605171398513	2362.700346471152	2113.0887154048023	1326.6754224509004	1402.241595693425	1506.9312099678245
pegRNA_492	non-target-33	1481.0388469509212	1762.357909826886	1427.819985409068	1613.0688469799836	1341.38960191805	1141.5889849308323
pegRNA_493	non-target-34	1969.3156761098433	1910.2683652319952	1766.211200376002	1222.7876115923114	1135.0219708537345	1618.3057450830277
pegRNA_494	non-target-35	2414.0325391819733	2380.1015765188117	2005.9491771237354	2386.6118710756937	1426.9351583848816	1671.4617732061927
pegRNA_495	non-target-36	3322.713692201793	3596.2542098497074	2983.99525925387	1992.118967680241	2039.8646609049636	2285.709209296101
pegRNA_496	non-target-37	1848.7660025208147	2155.819055904529	1718.4757625280017	1017.819768546987	1377.5480330019684	1313.71326647251
pegRNA_497	non-target-38	1431.4007460613213	1532.2749791967167	1375.8413975301348	1593.4143962770074	1496.6062816929195	1018.4019991215924
pegRNA_498	non-target-39	3003.611615054365	3451.2439594525417	2922.4695838053362	2296.7629535763735	2472.002008005453	2254.4905896047185
pegRNA_499	non-target-40	2641.9625942872794	2779.363132612341	2450.4191428640024	1506.373257449541	1792.0471210371318	1763.4301393240498
pegRNA_500	non-target-41	1472.9346672138436	1667.6178795674045	1446.9141605482682	1360.3687665131454	971.8680744994681	1267.3072101745086
