id	num	neg|score	neg|p-value	neg|fdr	neg|rank	neg|goodsgrna	neg|lfc	pos|score	pos|p-value	pos|fdr	pos|rank	pos|goodsgrna	pos|lfc
p.V369L	5	0.00023759	0.00061317	0.123246	1	3	-0.76173	0.99603	0.99622	0.998838	200	0	-0.76173
G378G	2	0.0012398	0.0023978	0.240982	2	2	-0.9563	0.99876	0.99884	0.998838	201	0	-0.9563
V369V	2	0.0020111	0.0038934	0.260855	3	1	-1.4057	0.92567	0.92557	0.992735	181	0	-1.4057
P361P	2	0.014035	0.016715	0.681929	4	1	-0.53503	0.79414	0.79333	0.992735	144	0	-0.53503
safe-target-9	1	0.017103	0.017293	0.681929	5	1	-1.128	0.9829	0.98291	0.992785	199	0	-1.128
safe-target-29	1	0.021127	0.021222	0.681929	6	1	-1.0461	0.97887	0.97886	0.992785	197	0	-1.0461
p.G364C	5	0.024899	0.044562	0.681929	7	1	-0.131	0.93853	0.93912	0.992735	186	0	-0.131
G332G	2	0.025986	0.027772	0.681929	8	1	-0.48346	0.44727	0.44571	0.992735	62	0	-0.48346
H274H	2	0.029953	0.031481	0.681929	9	1	-0.79573	0.96684	0.96658	0.992735	195	0	-0.79573
non-target-24	1	0.037223	0.037244	0.681929	10	1	-0.76266	0.96278	0.96333	0.992735	194	0	-0.76266
non-target-32	1	0.039235	0.039218	0.681929	11	1	-0.72776	0.96076	0.96121	0.992735	192	0	-0.72776
p.P361L	5	0.044459	0.067334	0.681929	12	1	-0.033704	0.71924	0.71939	0.992735	121	0	-0.033704
non-target-36	1	0.047284	0.047543	0.681929	13	1	-0.70362	0.95272	0.95318	0.992735	191	0	-0.70362
non-target-8	1	0.049296	0.049617	0.681929	14	1	-0.67952	0.9507	0.95113	0.992735	190	0	-0.67952
non-target-21	1	0.051308	0.051531	0.681929	15	1	-0.67435	0.94869	0.94901	0.992735	189	0	-0.67435
non-target-1	1	0.055332	0.055399	0.681929	16	1	-0.65842	0.94467	0.94488	0.992735	188	0	-0.65842
non-target-34	1	0.057344	0.057633	0.681929	17	1	-0.64318	0.94266	0.94297	0.992735	187	0	-0.64318
non-target-10	1	0.065392	0.065848	0.681929	18	0	-0.61067	0.93461	0.93492	0.992735	185	0	-0.61067
non-target-23	1	0.067404	0.067673	0.681929	19	0	-0.60509	0.9326	0.93309	0.992735	184	0	-0.60509
safe-target-34	1	0.071429	0.07192	0.681929	20	0	-0.56849	0.92857	0.92898	0.992735	183	0	-0.56849
non-target-16	1	0.073441	0.073854	0.681929	21	0	-0.5905	0.92656	0.92709	0.992735	182	0	-0.5905
non-target-31	1	0.075453	0.075918	0.681929	22	0	-0.58411	0.92455	0.9253	0.992735	180	0	-0.58411
non-target-40	1	0.077465	0.078032	0.681929	23	0	-0.58295	0.92254	0.92303	0.992735	179	0	-0.58295
non-target-17	1	0.085513	0.085938	0.694864	24	0	-0.57832	0.91449	0.91511	0.992735	177	0	-0.57832
non-target-28	1	0.089537	0.089797	0.694864	25	0	-0.57053	0.91046	0.91107	0.992735	176	0	-0.57053
p.G378C	5	0.091989	0.10601	0.694864	26	1	0.68793	0.010308	0.018729	0.752906	5	2	0.68793
non-target-19	1	0.095573	0.096028	0.694864	27	0	-0.55665	0.90443	0.9054	0.992735	175	0	-0.55665
safe-target-4	1	0.10563	0.10628	0.694864	28	0	-0.54654	0.89437	0.89551	0.992735	173	0	-0.54654
non-target-9	1	0.10966	0.11049	0.694864	29	0	-0.53616	0.89034	0.89131	0.992735	171	0	-0.53616
p.H311R	5	0.11046	0.12163	0.694864	30	1	0.047257	0.87576	0.87578	0.992735	166	0	0.047257
non-target-7	1	0.11167	0.11236	0.694864	31	0	-0.52758	0.88833	0.88934	0.992735	170	0	-0.52758
non-target-29	1	0.11569	0.1162	0.694864	32	0	-0.52131	0.88431	0.88495	0.992735	169	0	-0.52131
p.I416F	5	0.11959	0.12892	0.694864	33	1	0.19467	0.63397	0.63441	0.992735	99	0	0.19467
non-target-35	1	0.11972	0.12031	0.694864	34	0	-0.50966	0.88028	0.88106	0.992735	168	0	-0.50966
safe-target-30	1	0.12374	0.12445	0.694864	35	0	-1.0094	0.87626	0.87695	0.992735	167	0	-1.0094
non-target-37	1	0.13581	0.1363	0.694864	36	0	-0.49259	0.86419	0.8654	0.992735	165	0	-0.49259
non-target-26	1	0.13984	0.1403	0.694864	37	0	-0.4774	0.86016	0.86118	0.992735	164	0	-0.4774
non-target-20	1	0.14185	0.14237	0.694864	38	0	-0.47823	0.85815	0.85918	0.992735	162	0	-0.47823
non-target-22	1	0.14588	0.14604	0.694864	39	0	-0.46481	0.85412	0.85472	0.992735	160	0	-0.46481
p.R601L	5	0.14651	0.15243	0.694864	40	1	0.32188	0.4213	0.42329	0.992735	56	0	0.32188
S45S	2	0.15264	0.15371	0.694864	41	0	-0.47037	0.96829	0.96804	0.992735	196	0	-0.47037
p.S45F	5	0.15533	0.16064	0.694864	42	1	0.35361	0.55603	0.55793	0.992735	78	0	0.35361
non-target-30	1	0.15795	0.1576	0.694864	43	0	-0.45286	0.84205	0.84292	0.992735	158	0	-0.45286
non-target-25	1	0.16197	0.16154	0.694864	44	0	-0.44742	0.83803	0.83909	0.992735	157	0	-0.44742
safe-target-50	1	0.16801	0.16795	0.694864	45	0	-0.43939	0.83199	0.83288	0.992735	156	0	-0.43939
safe-target-49	1	0.17606	0.17584	0.694864	46	0	-0.42821	0.82394	0.82498	0.992735	154	0	-0.42821
G524G	2	0.17837	0.17921	0.694864	47	0	-0.33106	0.85767	0.85655	0.992735	161	0	-0.33106
safe-target-27	1	0.18008	0.17951	0.694864	48	0	-0.42258	0.81992	0.82102	0.992735	153	0	-0.42258
non-target-13	1	0.18813	0.18768	0.694864	49	0	-0.39731	0.81187	0.81331	0.992735	151	0	-0.39731
Y572Y	2	0.18928	0.19013	0.694864	50	0	-0.28275	0.81546	0.81438	0.992735	152	0	-0.28275
p.W252C	5	0.18991	0.19199	0.694864	51	1	0.057122	0.85982	0.8598	0.992735	163	0	0.057122
non-target-39	1	0.19215	0.19169	0.694864	52	0	-0.38695	0.80785	0.80961	0.992735	150	0	-0.38695
S102S	2	0.19289	0.1936	0.694864	53	0	-0.16564	0.53612	0.53507	0.992735	73	0	-0.16564
safe-target-12	1	0.19416	0.19367	0.694864	54	0	-0.34372	0.80584	0.80781	0.992735	149	0	-0.34372
non-target-27	1	0.19819	0.19766	0.694864	55	0	-0.3754	0.80181	0.80394	0.992735	148	0	-0.3754
p.R71W	5	0.19838	0.19999	0.694864	56	1	-0.10866	0.64288	0.64362	0.992735	102	0	-0.10866
safe-target-48	1	0.2002	0.19985	0.694864	57	0	-0.37297	0.7998	0.80181	0.992735	147	0	-0.37297
non-target-15	1	0.20221	0.20188	0.694864	58	0	-0.35166	0.79779	0.79989	0.992735	146	0	-0.35166
safe-target-5	1	0.20423	0.20397	0.694864	59	0	-0.34998	0.79577	0.79773	0.992735	145	0	-0.34998
p.G333C	5	0.20677	0.20815	0.697311	60	1	0.046479	0.51801	0.51984	0.992735	71	0	0.046479
non-target-14	1	0.21227	0.21178	0.697838	61	0	-0.3422	0.78773	0.78973	0.992735	142	0	-0.3422
safe-target-37	1	0.22435	0.22392	0.709581	62	0	-0.33053	0.77565	0.77746	0.992735	139	0	-0.33053
safe-target-13	1	0.22636	0.22605	0.709581	63	0	-0.28421	0.77364	0.77544	0.992735	138	0	-0.28421
safe-target-39	1	0.23239	0.23221	0.709581	64	0	-0.31449	0.76761	0.76937	0.992735	137	0	-0.31449
non-target-5	1	0.23441	0.23427	0.709581	65	0	-0.30091	0.76559	0.76723	0.992735	135	0	-0.30091
non-target-12	1	0.23642	0.23631	0.709581	66	0	-0.29733	0.76358	0.76526	0.992735	133	0	-0.29733
non-target-11	1	0.23843	0.23827	0.709581	67	0	-0.29024	0.76157	0.76337	0.992735	132	0	-0.29024
p.R415H	5	0.23965	0.24006	0.709581	68	1	-0.20657	0.77592	0.77611	0.992735	140	0	-0.20657
safe-target-40	1	0.26258	0.26282	0.732959	69	0	-0.25949	0.73742	0.73889	0.992735	127	0	-0.25949
p.R272C	5	0.26358	0.26432	0.732959	70	1	-0.0090606	0.33179	0.33417	0.992735	46	0	-0.0090606
non-target-18	1	0.27062	0.27126	0.732959	71	0	-0.23994	0.72938	0.73096	0.992735	124	0	-0.23994
G430G	2	0.2739	0.27364	0.732959	72	0	-0.3779	0.96151	0.96091	0.992735	193	0	-0.3779
safe-target-2	1	0.27666	0.27742	0.732959	73	0	-0.21788	0.72334	0.72496	0.992735	123	0	-0.21788
R240R	2	0.27733	0.27717	0.732959	74	0	-0.28735	0.90336	0.90333	0.992735	174	0	-0.28735
safe-target-46	1	0.27867	0.27923	0.732959	75	0	-0.23181	0.72133	0.72244	0.992735	122	0	-0.23181
p.S224F	5	0.2792	0.28058	0.732959	76	0	0.038363	0.72999	0.73008	0.992735	125	0	0.038363
R362R	2	0.28075	0.28079	0.732959	77	0	-0.43766	0.69938	0.69788	0.992735	115	0	-0.43766
non-target-41	1	0.29276	0.29312	0.743178	78	0	-0.21677	0.70724	0.70796	0.992735	118	0	-0.21677
N414N	2	0.29433	0.29388	0.743178	79	0	-0.10822	0.57632	0.57531	0.992735	84	0	-0.10822
safe-target-24	1	0.29678	0.29764	0.743178	80	0	-0.12834	0.70322	0.70413	0.992735	117	0	-0.12834
safe-target-45	1	0.29879	0.29949	0.743178	81	0	-0.20699	0.70121	0.70211	0.992735	116	0	-0.20699
p.R362Q	5	0.30213	0.30437	0.74391	82	0	0.46606	0.012853	0.023216	0.777722	6	2	0.46606
safe-target-35	1	0.30684	0.30719	0.74391	83	0	-0.18958	0.69316	0.69424	0.992735	114	0	-0.18958
non-target-6	1	0.31288	0.3132	0.749439	84	0	-0.17782	0.68712	0.68846	0.992735	112	0	-0.17782
safe-target-38	1	0.31891	0.31923	0.754886	85	0	-0.18551	0.68109	0.68269	0.992735	111	0	-0.18551
safe-target-1	1	0.32294	0.32311	0.755173	86	0	-0.17341	0.67706	0.67879	0.992735	110	0	-0.17341
non-target-4	1	0.33702	0.33745	0.779617	87	0	-0.13815	0.66298	0.66547	0.992735	108	0	-0.13815
non-target-33	1	0.34105	0.34155	0.779669	88	0	-0.14278	0.65895	0.66157	0.992735	106	0	-0.14278
safe-target-17	1	0.35312	0.35379	0.779669	89	0	-0.14503	0.64688	0.64974	0.992735	104	0	-0.14503
p.R71L	5	0.35336	0.35607	0.779669	90	0	0.16185	0.40819	0.41063	0.992735	53	0	0.16185
safe-target-19	1	0.35513	0.35571	0.779669	91	0	-0.13986	0.64487	0.64775	0.992735	103	0	-0.13986
safe-target-33	1	0.36117	0.3613	0.779669	92	0	-0.13216	0.63883	0.64144	0.992735	101	0	-0.13216
safe-target-14	1	0.36519	0.36542	0.779669	93	0	-0.1202	0.63481	0.63731	0.992735	100	0	-0.1202
p.N238K	5	0.36744	0.37031	0.779669	94	0	0.13378	0.60614	0.60738	0.992735	90	0	0.13378
R71R	2	0.37631	0.37509	0.779669	95	0	-0.10246	0.6607	0.65946	0.992735	107	0	-0.10246
p.Y572C	5	0.38126	0.38416	0.779669	96	0	-0.32149	0.89192	0.89144	0.992735	172	0	-0.32149
safe-target-22	1	0.38129	0.38181	0.779669	97	0	-0.10348	0.61871	0.62045	0.992735	95	0	-0.10348
R415R	2	0.38265	0.38111	0.779669	98	0	-0.07374	0.62709	0.62555	0.992735	97	0	-0.07374
safe-target-41	1	0.38531	0.38583	0.779669	99	0	-0.093329	0.61469	0.6164	0.992735	93	0	-0.093329
safe-target-32	1	0.38732	0.3879	0.779669	100	0	-0.10091	0.61268	0.61433	0.992735	92	0	-0.10091
safe-target-16	1	0.39135	0.39181	0.779748	101	0	-0.10123	0.60865	0.61034	0.992735	91	0	-0.10123
p.R234W	5	0.40155	0.4038	0.787993	102	0	-0.1452	0.35336	0.35607	0.992735	50	0	-0.1452
R272R	2	0.40459	0.40296	0.787993	103	0	0.30026	0.057499	0.057792	0.992735	9	1	0.30026
safe-target-7	1	0.41147	0.41174	0.789276	104	0	-0.074805	0.58853	0.58957	0.992735	86	0	-0.074805
safe-target-11	1	0.41348	0.41384	0.789276	105	0	-0.043962	0.58652	0.58771	0.992735	85	0	-0.043962
p.C171F	5	0.4213	0.42329	0.789276	106	0	-0.43111	0.024899	0.040953	0.992735	7	1	-0.43111
G480G	2	0.42307	0.422	0.789276	107	0	-0.066469	0.65126	0.65051	0.992735	105	0	-0.066469
safe-target-18	1	0.42555	0.42575	0.789276	108	0	-0.067661	0.57445	0.57528	0.992735	83	0	-0.067661
G364G	2	0.42917	0.42802	0.789276	109	0	0.18102	0.28415	0.2842	0.992735	41	0	0.18102
safe-target-36	1	0.43763	0.438	0.789483	110	0	-0.034036	0.56237	0.56349	0.992735	82	0	-0.034036
safe-target-3	1	0.44366	0.44376	0.789483	111	0	-0.017889	0.55634	0.55699	0.992735	79	0	-0.017889
safe-target-23	1	0.44567	0.44563	0.789483	112	0	-0.0038999	0.55433	0.55497	0.992735	77	0	-0.0038999
V568V	2	0.44727	0.44571	0.789483	113	0	0.13065	0.19289	0.1936	0.992735	23	0	0.13065
safe-target-28	1	0.4497	0.44976	0.789483	114	0	0.0052343	0.5503	0.55054	0.992735	76	0	0.0052343
safe-target-31	1	0.45171	0.45169	0.789483	115	0	0.0088392	0.54829	0.5486	0.992735	75	0	0.0088392
C171C	2	0.47386	0.4724	0.81856	116	0	0.047741	0.41387	0.41272	0.992735	55	0	0.047741
p.M161I	5	0.47744	0.47962	0.820667	117	0	0.35702	0.27142	0.27255	0.992735	38	0	0.35702
safe-target-44	1	0.48189	0.48178	0.820667	118	0	0.035407	0.51811	0.51787	0.992735	72	0	0.035407
V155V	2	0.48836	0.48661	0.821921	119	0	0.081516	0.37949	0.37805	0.992735	52	0	0.081516
p.R260L	5	0.49515	0.4969	0.825428	120	0	0.11065	0.70814	0.70884	0.992735	119	0	0.11065
p.G430C	5	0.49515	0.4969	0.825428	121	0	0.025615	0.18991	0.18936	0.992735	22	1	0.025615
p.G524C	5	0.50669	0.50847	0.837733	122	0	-0.35156	0.46535	0.46721	0.992735	65	0	-0.35156
p.S102L	5	0.51238	0.51421	0.838145	123	0	0.079482	0.66442	0.66483	0.992735	109	0	0.079482
I416I	1	0.51811	0.51787	0.838145	124	0	0.061813	0.48189	0.48178	0.992735	70	0	0.061813
p.V155F	5	0.5236	0.5254	0.838145	125	0	-0.19782	0.47142	0.4737	0.992735	67	0	-0.19782
non-target-38	1	0.52414	0.52432	0.838145	126	0	0.064223	0.47586	0.47578	0.992735	68	0	0.064223
L281L	2	0.53886	0.53774	0.850208	127	0	0.16825	0.24271	0.24246	0.992735	32	0	0.16825
p.L237V	5	0.54004	0.54143	0.850208	128	0	0.24635	0.62944	0.63001	0.992735	98	0	0.24635
R601R	2	0.54702	0.54602	0.850779	129	0	-0.044241	0.75201	0.75115	0.992735	131	0	-0.044241
safe-target-21	1	0.55231	0.55285	0.851438	130	0	0.088726	0.44769	0.4477	0.992735	63	0	0.088726
non-target-2	1	0.55433	0.55497	0.851438	131	0	0.096151	0.44567	0.44563	0.992735	60	0	0.096151
safe-target-8	1	0.55835	0.55915	0.851438	132	0	0.095534	0.44165	0.44169	0.992735	59	0	0.095534
S508S	2	0.56843	0.56789	0.85658	133	0	-0.022527	0.74189	0.74046	0.992735	129	0	-0.022527
E192E	2	0.5737	0.57267	0.85658	134	0	0.05181	0.55779	0.55695	0.992735	80	0	0.05181
R536R	2	0.57632	0.57531	0.85658	135	0	0.038633	0.62216	0.62049	0.992735	96	0	0.038633
G558G	2	0.58932	0.58798	0.868995	136	0	-0.019192	0.73364	0.73226	0.992735	126	0	-0.019192
G333G	2	0.6147	0.61283	0.898035	137	0	0.03042	0.69049	0.6886	0.992735	113	0	0.03042
p.W252L	5	0.6156	0.61656	0.898035	138	0	0.090995	0.92053	0.9209	0.992735	178	0	0.090995
Y300Y	2	0.62709	0.62555	0.904579	139	0	0.20723	0.2497	0.24928	0.992735	34	0	0.20723
R320R	2	0.63928	0.63788	0.913157	140	0	0.093758	0.54702	0.54602	0.992735	74	0	0.093758
p.R413C	5	0.64288	0.64362	0.913157	141	0	0.13068	0.44681	0.44897	0.992735	61	0	0.13068
p.G480W	5	0.65162	0.65218	0.913157	142	0	0.046543	0.19838	0.1977	0.992735	24	1	0.046543
safe-target-6	1	0.65292	0.65573	0.913157	143	0	0.18109	0.34708	0.34761	0.992735	49	0	0.18109
safe-target-47	1	0.65694	0.65985	0.913157	144	0	0.18733	0.34306	0.3439	0.992735	48	0	0.18733
S224S	2	0.66537	0.66408	0.913157	145	0	0.1218	0.47969	0.47809	0.992735	69	0	0.1218
G462G	2	0.6677	0.66627	0.913157	146	0	2.5548e-05	0.78116	0.78028	0.992735	141	0	2.5548e-05
N238N	2	0.67232	0.67058	0.913157	147	0	0.095586	0.56046	0.55978	0.992735	81	0	0.095586
H311H	2	0.67691	0.67505	0.913157	148	0	0.012447	0.76389	0.76311	0.992735	134	0	0.012447
safe-target-20	1	0.67706	0.67879	0.913157	149	0	0.19278	0.32294	0.32311	0.992735	45	0	0.19278
p.C297F	5	0.6849	0.686	0.913157	150	0	0.16065	0.25567	0.25601	0.992735	35	0	0.16065
A184A	2	0.68599	0.68397	0.913157	151	0	0.23404	0.23921	0.23891	0.992735	30	0	0.23404
G603G	2	0.69495	0.69324	0.916722	152	0	0.046134	0.71031	0.70883	0.992735	120	0	0.046134
p.H274R	5	0.72999	0.73008	0.959127	153	0	0.46743	0.24769	0.24784	0.992735	33	0	0.46743
p.W450L	5	0.75052	0.75045	0.972317	154	0	0.091271	0.42776	0.42985	0.992735	57	0	0.091271
safe-target-43	1	0.75956	0.76126	0.972317	155	0	0.29364	0.24044	0.2403	0.992735	31	0	0.29364
p.Glu82Asp	5	0.7603	0.76031	0.972317	156	0	-0.16573	0.84683	0.84655	0.992735	159	0	-0.16573
p.G603V	5	0.76349	0.76353	0.972317	157	0	-0.11535	0.83048	0.83057	0.992735	155	0	-0.11535
p.G186C	5	0.76665	0.76671	0.972317	158	0	0.18585	0.20677	0.20622	0.992735	25	1	0.18585
p.L281M	5	0.76977	0.77004	0.972317	159	0	-0.025283	0.36043	0.36314	0.992735	51	0	-0.025283
R234R	2	0.77738	0.77655	0.972317	160	0	0.2646	0.26012	0.25947	0.992735	36	0	0.2646
Q163Q	2	0.78304	0.78203	0.972317	161	0	0.13176	0.6172	0.61545	0.992735	94	0	0.13176
p.S508R	5	0.78489	0.78511	0.972317	162	0	0.20089	0.11046	0.11525	0.992735	15	1	0.20089
safe-target-25	1	0.78974	0.79157	0.972317	163	0	0.33357	0.21026	0.20981	0.992735	27	0	0.33357
A510A	2	0.79414	0.79333	0.972317	164	0	0.25566	0.30444	0.30367	0.992735	44	0	0.25566
p.V465L	5	0.8101	0.81047	0.981354	165	0	0.076955	0.2792	0.28058	0.992735	40	0	0.076955
C297C	2	0.81024	0.80921	0.981354	166	0	0.31747	0.20729	0.20832	0.992735	26	0	0.31747
R413R	2	0.83069	0.83024	0.996283	167	0	0.29036	0.28756	0.28739	0.992735	43	0	0.29036
p.G480R	5	0.83289	0.83279	0.996283	168	0	-0.057523	0.74382	0.74405	0.992735	130	0	-0.057523
p.R320L	5	0.83765	0.83767	0.996283	169	0	0.22913	0.76665	0.76671	0.992735	136	0	0.22913
p.W403C	5	0.84906	0.84885	0.999018	170	0	0.19093	0.28691	0.28853	0.992735	42	0	0.19093
L237L	2	0.86368	0.86342	0.999018	171	0	0.1928	0.59189	0.59055	0.992735	87	0	0.1928
p.R536C	3	0.86573	0.86635	0.999018	172	0	0.28343	0.59899	0.59853	0.992735	88	0	0.28343
P278P	2	0.8681	0.86768	0.999018	173	0	0.37332	0.16739	0.16808	0.992735	20	0	0.37332
p.N414I	5	0.86996	0.86976	0.999018	174	0	-0.10062	0.98034	0.97989	0.992785	198	0	-0.10062
safe-target-42	1	0.88632	0.88725	0.999018	175	0	0.48343	0.11368	0.11418	0.992735	16	0	0.48343
p.G462V	5	0.90172	0.90118	0.999018	176	0	0.054624	0.60135	0.60254	0.992735	89	0	0.054624
p.E192K	5	0.90328	0.90275	0.999018	177	0	0.24417	0.43417	0.43618	0.992735	58	0	0.24417
H210H	2	0.9083	0.90814	0.999018	178	0	0.27887	0.41078	0.40949	0.992735	54	0	0.27887
G186G	2	0.90952	0.90934	0.999018	179	0	0.44482	0.14149	0.14218	0.992735	18	0	0.44482
p.R320Q	5	0.92315	0.92335	0.999018	180	0	0.27772	0.054121	0.066297	0.992735	8	1	0.27772
p.G558R	5	0.9257	0.92609	0.999018	181	0	0.18782	0.18138	0.18093	0.992735	21	1	0.18782
p.Glu79Gln	5	0.92818	0.92845	0.999018	182	0	0.20886	0.45923	0.46139	0.992735	64	0	0.20886
p.R240L	4	0.94046	0.93969	0.999018	183	0	0.20296	0.46779	0.46622	0.992735	66	0	0.20296
p.Gly31Glu	5	0.94573	0.94589	0.999018	184	0	0.23928	0.78782	0.78808	0.992735	143	0	0.23928
V465V	2	0.95057	0.94985	0.999018	185	0	0.39767	0.2739	0.27364	0.992735	39	0	0.39767
p.G332C	5	0.95483	0.95523	0.999018	186	0	0.248	0.14651	0.14779	0.992735	19	1	0.248
p.R413L	5	0.96044	0.96066	0.999018	187	0	0.42791	0.091989	0.09873	0.992735	12	1	0.42791
p.V568F	5	0.96937	0.96949	0.999018	188	0	0.34299	0.063704	0.073954	0.992735	10	1	0.34299
p.Q163L	5	0.96999	0.97011	0.999018	189	0	0.21103	0.74042	0.74068	0.992735	128	0	0.21103
p.P278S	5	0.97291	0.97265	0.999018	190	0	0.38577	0.21509	0.21528	0.992735	28	1	0.38577
p.Y300C	5	0.97455	0.97434	0.999018	191	0	0.58617	0.26358	0.26432	0.992735	37	0	0.58617
p.H210P	5	0.97508	0.97485	0.999018	192	0	0.67385	0.0022093	0.0048704	0.326319	2	2	0.67385
R260R	2	0.98518	0.98543	0.999018	193	0	0.62098	0.1038	0.1046	0.992735	14	0	0.62098
p.M550K	5	0.98604	0.98596	0.999018	194	0	0.53355	0.23153	0.23175	0.992735	29	0	0.53355
p.A184G	5	0.98762	0.98759	0.999018	195	0	0.47827	0.12863	0.1311	0.992735	17	1	0.47827
safe-target-26	1	0.99095	0.991	0.999018	196	0	1.2104	0.0090543	0.0085494	0.429609	4	1	1.2104
p.Arg34Gly	5	0.99276	0.99247	0.999018	197	0	0.35336	0.33904	0.3419	0.992735	47	0	0.35336
p.A510V	5	0.99419	0.99412	0.999018	198	0	0.297	0.10126	0.10679	0.992735	13	1	0.297
safe-target-10	1	0.99698	0.99704	0.999018	199	0	1.8996	0.0030181	0.0027069	0.272044	3	1	1.8996
p.P278L	5	0.99806	0.99812	0.999018	200	0	0.46933	0.082638	0.090514	0.992735	11	1	0.46933
safe-target-15	1	0.99899	0.99902	0.999018	201	0	2.0665	0.001006	0.00097209	0.195391	1	1	2.0665
