id	num	neg|score	neg|p-value	neg|fdr	neg|rank	neg|goodsgrna	neg|lfc	pos|score	pos|p-value	pos|fdr	pos|rank	pos|goodsgrna	pos|lfc
p.V369L	15	8.3825e-07	0.0097267	0.491197	1	8	-0.71802	0.96717	0.11567	0.188445	154	0	-0.71802
G378G	6	1.0048e-05	0.0024653	0.248994	2	5	-0.90907	0.99392	0.71834	0.91839	159	0	-0.90907
V369V	6	6.6556e-05	0.0096669	0.491197	3	3	-0.82898	0.84547	0.048185	0.084638	114	0	-0.82898
p.I416F	14	0.00089262	0.23013	1.0	4	5	0.090913	0.72286	4.9804e-06	1e-05	95	1	0.090913
safe-target-30	2	0.0020124	0.0017979	0.248994	5	1	-2.3324	0.96393	0.72855	0.925585	151	0	-2.3324
safe-target-29	3	0.0025072	0.04687	1.0	6	2	-1.075	0.96345	0.58894	0.767528	149	0	-1.075
p.G364C	15	0.0032448	0.34902	1.0	7	6	-0.12151	0.00056769	4.9804e-06	1e-05	7	3	-0.12151
p.G603V	15	0.0050218	0.41053	1.0	8	3	-0.17734	0.99308	0.11568	0.188445	158	0	-0.17734
safe-target-24	3	0.0076374	0.050187	1.0	9	2	-0.80579	0.31962	4.9804e-06	1e-05	51	0	-0.80579
G332G	6	0.010799	0.19752	1.0	10	2	0.13	0.27728	4.9804e-06	1e-05	46	1	0.13
p.R272C	15	0.013085	0.53151	1.0	11	2	-0.047422	0.56531	4.9804e-06	1e-05	77	1	-0.047422
safe-target-9	3	0.022974	0.15845	1.0	12	2	-0.70509	0.97554	0.6286	0.80877	156	0	-0.70509
p.R362Q	15	0.023967	0.62998	1.0	13	3	0.42288	0.093155	4.9804e-06	1e-05	25	2	0.42288
p.G378C	15	0.030496	0.68591	1.0	14	2	0.16716	0.083237	4.9804e-06	1e-05	21	3	0.16716
S45S	6	0.036981	0.38549	1.0	15	2	-0.49503	0.99751	0.78156	0.980585	161	0	-0.49503
safe-target-13	3	0.040042	0.27857	1.0	16	2	-0.62106	0.9164	0.46926	0.640485	137	0	-0.62106
C171C	6	0.041544	0.39633	1.0	17	1	-0.23556	0.15939	4.9804e-06	1e-05	30	1	-0.23556
H210H	6	0.049292	0.41211	1.0	18	1	0.2645	0.046967	4.9804e-06	1e-05	15	2	0.2645
P361P	6	0.056987	0.43307	1.0	19	2	-0.34843	0.90037	0.14151	0.225091	131	0	-0.34843
p.L237V	15	0.058712	0.73822	1.0	20	3	0.23277	0.165	4.9804e-06	1e-05	33	3	0.23277
R260R	6	0.060815	0.43308	1.0	21	1	0.46974	0.050836	4.9804e-06	1e-05	17	2	0.46974
H274H	6	0.069699	0.46006	1.0	22	2	-0.33124	0.20368	4.9804e-06	1e-05	38	1	-0.33124
N414N	6	0.071933	0.46796	1.0	23	2	-0.078569	0.66859	4.9804e-06	1e-05	87	0	-0.078569
p.S224F	15	0.072328	0.77611	1.0	24	4	-0.076941	0.96277	0.11567	0.188445	148	0	-0.076941
R415R	6	0.078791	0.476	1.0	25	2	-0.050162	0.87363	0.048185	0.084638	122	0	-0.050162
p.R413C	15	0.084053	0.8002	1.0	26	2	0.1515	0.94332	4.9804e-06	1e-05	144	0	0.1515
p.P361L	15	0.090815	0.81231	1.0	27	4	-0.020594	0.20406	4.9804e-06	1e-05	39	2	-0.020594
R272R	6	0.10194	0.53043	1.0	28	2	0.14626	0.18688	4.9804e-06	1e-05	36	1	0.14626
p.N238K	15	0.12239	0.87087	1.0	29	3	0.068458	0.35663	4.9804e-06	1e-05	53	2	0.068458
p.S45F	15	0.12762	0.87328	1.0	30	1	0.35361	0.15512	4.9804e-06	1e-05	29	3	0.35361
p.G333C	15	0.14256	0.87912	1.0	31	2	-0.12105	0.1122	4.9804e-06	1e-05	26	3	-0.12105
p.W252C	15	0.14309	0.87912	1.0	32	3	-0.2692	0.88821	4.9804e-06	1e-05	127	0	-0.2692
p.C297F	15	0.1675	0.88464	1.0	33	3	0.10969	0.25915	4.9804e-06	1e-05	44	2	0.10969
p.W252L	15	0.17089	0.88465	1.0	34	1	-0.20367	0.26473	4.9804e-06	1e-05	45	2	-0.20367
p.H311R	15	0.18187	0.88465	1.0	35	2	0.14499	0.69198	4.9804e-06	1e-05	91	1	0.14499
p.G430C	15	0.18348	0.88771	1.0	36	2	0.17756	0.4054	4.9804e-06	1e-05	62	2	0.17756
G364G	6	0.19532	0.71048	1.0	37	1	0.36077	0.090977	4.9804e-06	1e-05	24	1	0.36077
R413R	6	0.23319	0.73071	1.0	38	1	0.34673	0.49986	4.9804e-06	1e-05	68	0	0.34673
p.R415H	15	0.23647	0.92253	1.0	39	3	-0.040272	0.86232	4.9804e-06	1e-05	119	0	-0.040272
G430G	6	0.24283	0.73071	1.0	40	1	-0.3779	0.13113	4.9804e-06	1e-05	27	1	-0.3779
p.Glu82Asp	15	0.25326	0.93545	1.0	41	3	-0.16549	0.28008	4.9804e-06	1e-05	48	2	-0.16549
A510A	6	0.25865	0.73072	1.0	42	1	0.46506	0.36744	4.9804e-06	1e-05	57	1	0.46506
safe-target-4	3	0.27344	0.62066	1.0	43	1	-0.53581	0.98948	0.78035	0.980585	157	0	-0.53581
p.G524C	15	0.28174	0.95074	1.0	44	3	-0.36723	0.28901	4.9804e-06	1e-05	49	1	-0.36723
safe-target-28	3	0.28477	0.66076	1.0	45	1	-0.11576	0.64249	0.024359	0.047313	84	0	-0.11576
safe-target-34	3	0.30076	0.6813	1.0	46	1	-0.23389	0.3118	4.9804e-06	1e-05	50	0	-0.23389
safe-target-49	3	0.32428	0.72986	1.0	47	1	-0.43975	0.96931	0.61601	0.797651	155	0	-0.43975
safe-target-39	3	0.32892	0.72987	1.0	48	1	-0.57984	0.90305	0.38314	0.545024	132	0	-0.57984
G524G	6	0.35077	0.79826	1.0	49	1	-0.32605	0.88269	0.048185	0.084638	126	0	-0.32605
H311H	6	0.36469	0.80369	1.0	50	1	0.012447	0.53283	4.9804e-06	1e-05	72	0	0.012447
safe-target-50	3	0.36528	0.76887	1.0	51	0	-0.43939	0.94328	0.50116	0.670427	143	0	-0.43939
p.W403C	15	0.36543	0.96282	1.0	52	2	0.16236	0.028096	4.9804e-06	1e-05	12	3	0.16236
safe-target-12	3	0.37857	0.7968	1.0	53	0	-0.38091	0.5468	0.024349	0.047313	75	0	-0.38091
safe-target-37	3	0.3815	0.7968	1.0	54	0	-0.55513	0.95039	0.53225	0.70733	146	0	-0.55513
S508S	6	0.38644	0.8302	1.0	55	1	0.10344	0.76377	0.048175	0.084638	102	0	0.10344
E192E	6	0.39311	0.83021	1.0	56	1	0.10423	0.67179	4.9804e-06	1e-05	88	0	0.10423
p.H210P	15	0.39757	0.96726	1.0	57	1	0.32094	0.00019998	4.9804e-06	1e-05	3	5	0.32094
p.R71W	15	0.40169	0.96726	1.0	58	2	-0.019399	0.96369	0.11567	0.188445	150	0	-0.019399
p.G332C	15	0.40382	0.96727	1.0	59	1	0.248	0.088974	4.9804e-06	1e-05	23	3	0.248
p.R601L	15	0.40909	0.96727	1.0	60	2	0.14293	0.87002	4.9804e-06	1e-05	121	0	0.14293
p.H274R	15	0.41	0.96727	1.0	61	1	0.30524	0.081086	4.9804e-06	1e-05	20	2	0.30524
safe-target-5	3	0.43126	0.85121	1.0	62	0	-0.43478	0.96164	0.58893	0.767528	147	0	-0.43478
safe-target-33	3	0.43677	0.85824	1.0	63	0	-0.34157	0.90847	0.40116	0.558864	136	0	-0.34157
I416I	3	0.43814	0.85825	1.0	64	0	0.061813	0.39312	4.9804e-06	1e-05	58	0	0.061813
p.L281M	15	0.43835	0.96929	1.0	65	2	0.048369	0.084053	4.9804e-06	1e-05	22	2	0.048369
p.V155F	15	0.44585	0.9693	1.0	66	1	-0.19782	0.76073	4.9804e-06	1e-05	101	1	-0.19782
safe-target-48	3	0.45174	0.87738	1.0	67	0	-0.34497	0.96433	0.58894	0.767528	152	0	-0.34497
safe-target-27	3	0.46246	0.88949	1.0	68	0	-0.37327	0.94117	0.50115	0.670427	141	0	-0.37327
p.R234W	15	0.46861	0.97551	1.0	69	1	-0.1452	0.57447	4.9804e-06	1e-05	79	1	-0.1452
safe-target-46	3	0.4925	0.90572	1.0	70	0	-0.3408	0.8983	0.34634	0.496176	130	0	-0.3408
safe-target-35	3	0.49378	0.90572	1.0	71	0	-0.38128	0.92423	0.46927	0.640485	139	0	-0.38128
safe-target-40	3	0.49505	0.90572	1.0	72	0	-0.46537	0.89385	0.32741	0.475797	128	0	-0.46537
R536R	6	0.49532	0.89278	1.0	73	1	0.053736	0.75267	0.048175	0.084638	99	0	0.053736
V155V	6	0.50437	0.89819	1.0	74	1	-0.038978	0.39972	4.9804e-06	1e-05	61	1	-0.038978
safe-target-16	3	0.52875	0.93771	1.0	75	0	-0.42773	0.81793	0.18394	0.275244	108	0	-0.42773
safe-target-32	3	0.53723	0.93771	1.0	76	0	-0.34332	0.79152	0.13947	0.225091	105	0	-0.34332
safe-target-45	3	0.53843	0.93771	1.0	77	0	-0.39511	0.93901	0.50115	0.670427	140	0	-0.39511
G603G	6	0.54549	0.92864	1.0	78	1	-0.02915	0.85857	0.048185	0.084638	118	0	-0.02915
Y572Y	6	0.55378	0.93383	1.0	79	0	-0.25242	0.56194	4.9804e-06	1e-05	76	0	-0.25242
safe-target-11	3	0.55974	0.94804	1.0	80	0	-0.022204	0.80536	0.16131	0.254566	106	0	-0.022204
Q163Q	6	0.56194	0.93859	1.0	81	0	0.06602	0.90668	0.14152	0.225091	134	0	0.06602
safe-target-21	3	0.56207	0.94805	1.0	82	0	0.13539	0.47041	0.024349	0.047313	66	0	0.13539
S102S	6	0.56396	0.93859	1.0	83	0	-0.45666	0.39709	4.9804e-06	1e-05	60	1	-0.45666
p.Y572C	15	0.56531	0.98881	1.0	84	1	-0.14467	0.53177	4.9804e-06	1e-05	71	1	-0.14467
safe-target-14	3	0.57586	0.95109	1.0	85	0	-0.33875	0.82808	0.18394	0.275244	110	0	-0.33875
safe-target-38	3	0.57699	0.95109	1.0	86	0	-0.30697	0.82432	0.18394	0.275244	109	0	-0.30697
safe-target-43	3	0.57813	0.9511	1.0	87	0	0.52267	0.35932	4.9804e-06	1e-05	54	0	0.52267
Y300Y	6	0.57984	0.9386	1.0	88	0	0.12368	0.57196	4.9804e-06	1e-05	78	0	0.12368
R362R	5	0.58777	0.94131	1.0	89	0	-0.063603	0.94288	0.28719	0.420807	142	0	-0.063603
safe-target-7	3	0.59046	0.95442	1.0	90	0	-0.30732	0.84609	0.18395	0.275244	115	0	-0.30732
p.G558R	15	0.60088	0.99138	1.0	91	1	0.18782	0.0021611	4.9804e-06	1e-05	8	5	0.18782
safe-target-18	3	0.61012	0.96839	1.0	92	0	-0.23737	0.69815	0.071872	0.124086	93	0	-0.23737
safe-target-23	3	0.61441	0.97095	1.0	93	0	-0.19585	0.69268	0.071872	0.124086	92	0	-0.19585
safe-target-19	3	0.61972	0.97095	1.0	94	0	-0.34802	0.91679	0.46926	0.640485	138	0	-0.34802
p.R71L	15	0.62171	0.99208	1.0	95	1	-0.16758	0.83472	4.9804e-06	1e-05	112	0	-0.16758
safe-target-1	3	0.63122	0.9732	1.0	96	0	-0.23457	0.90806	0.40116	0.558864	135	0	-0.23457
safe-target-17	3	0.64148	0.97766	1.0	97	0	-0.30337	0.8324	0.18394	0.275244	111	0	-0.30337
R234R	6	0.64379	0.96556	1.0	98	0	0.184	0.5434	4.9804e-06	1e-05	74	0	0.184
C297C	6	0.64549	0.96556	1.0	99	0	0.24701	0.23319	4.9804e-06	1e-05	42	1	0.24701
p.V465L	15	0.65668	0.99298	1.0	100	1	0.42833	0.048371	4.9804e-06	1e-05	16	4	0.42833
R240R	6	0.66537	0.96846	1.0	101	0	-0.30367	0.19364	4.9804e-06	1e-05	37	1	-0.30367
safe-target-41	3	0.66629	0.97949	1.0	102	0	-0.24873	0.88021	0.28748	0.420807	125	0	-0.24873
safe-target-22	3	0.67207	0.97949	1.0	103	0	-0.26574	0.86598	0.18395	0.275244	120	0	-0.26574
R601R	6	0.67967	0.98004	1.0	104	0	-0.058414	0.80822	0.048185	0.084638	107	0	-0.058414
safe-target-36	3	0.70355	0.98281	1.0	105	0	-0.21118	0.87972	0.28747	0.420807	124	0	-0.21118
safe-target-31	3	0.70623	0.98282	1.0	106	0	-0.18098	0.84024	0.18394	0.275244	113	0	-0.18098
safe-target-2	3	0.70712	0.98282	1.0	107	0	-0.2126	0.90599	0.40115	0.558864	133	0	-0.2126
p.E192K	15	0.71308	0.99443	1.0	108	1	0.2844	0.89455	4.9804e-06	1e-05	129	0	0.2844
safe-target-8	3	0.71678	0.98462	1.0	109	0	-0.13329	0.52508	0.024349	0.047313	70	0	-0.13329
R320R	6	0.7332	0.98991	1.0	110	0	0.011055	0.1347	4.9804e-06	1e-05	28	1	0.011055
P278P	6	0.75014	0.99357	1.0	111	0	0.57426	0.25865	4.9804e-06	1e-05	43	1	0.57426
safe-target-3	3	0.77107	0.99114	1.0	112	0	-0.16665	0.75329	0.094154	0.159824	100	0	-0.16665
p.V568F	15	0.77364	0.99575	1.0	113	1	0.38817	0.042671	4.9804e-06	1e-05	13	4	0.38817
p.R260L	15	0.77614	0.99575	1.0	114	1	-0.063603	0.36042	4.9804e-06	1e-05	55	2	-0.063603
G480G	6	0.77907	0.9962	1.0	115	0	0.055068	0.87927	0.048185	0.084638	123	0	0.055068
G333G	6	0.78021	0.9962	1.0	116	0	0.020044	0.96638	0.33892	0.489013	153	0	0.020044
p.M161I	15	0.78107	0.99576	1.0	117	1	0.31358	0.47417	4.9804e-06	1e-05	67	1	0.31358
L237L	6	0.78248	0.9962	1.0	118	0	0.19572	0.76738	0.048175	0.084638	103	0	0.19572
L281L	6	0.78473	0.9962	1.0	119	0	0.2557	0.46259	4.9804e-06	1e-05	65	0	0.2557
p.C171F	15	0.78828	0.99576	1.0	120	1	-0.38495	0.0117	4.9804e-06	1e-05	10	2	-0.38495
safe-target-6	3	0.79574	0.9921	1.0	121	0	-0.0014811	0.53482	0.024349	0.047313	73	0	-0.0014811
p.G480W	15	0.80858	0.99701	1.0	122	1	0.055455	0.61351	4.9804e-06	1e-05	82	1	0.055455
G558G	6	0.81816	0.99785	1.0	123	0	0.0033159	0.6781	4.9804e-06	1e-05	89	0	0.0033159
R71R	6	0.84117	0.99855	1.0	124	0	-0.24016	0.71248	0.048175	0.084638	94	0	-0.24016
p.S102L	15	0.84386	0.99799	1.0	125	1	0.16599	0.94401	4.9804e-06	1e-05	145	0	0.16599
safe-target-20	3	0.8546	0.99809	1.0	126	0	0.033012	0.65552	0.024359	0.047313	86	0	0.033012
safe-target-47	3	0.85516	0.99809	1.0	127	0	0.037614	0.7461	0.094154	0.159824	97	0	0.037614
p.R413L	15	0.8575	0.99867	1.0	128	1	0.21621	0.52176	4.9804e-06	1e-05	69	1	0.21621
V465V	6	0.86092	0.99929	1.0	129	0	0.2711	0.044147	4.9804e-06	1e-05	14	2	0.2711
S224S	6	0.88065	0.9996	1.0	130	0	-0.076502	0.85619	0.048185	0.084638	117	0	-0.076502
safe-target-44	3	0.88504	0.99974	1.0	131	0	0.035407	0.58376	0.024359	0.047313	81	0	0.035407
p.Q163L	15	0.8869	0.99918	1.0	132	0	0.15977	0.74991	4.9804e-06	1e-05	98	1	0.15977
N238N	6	0.91159	0.99975	1.0	133	0	0.028871	0.17323	4.9804e-06	1e-05	35	1	0.028871
p.N414I	15	0.91367	0.99977	1.0	134	0	-0.061915	0.9958	0.11568	0.188445	160	0	-0.061915
V568V	6	0.9183	0.99977	1.0	135	0	-0.044619	0.64549	4.9804e-06	1e-05	85	0	-0.044619
p.G480R	15	0.92057	0.99981	1.0	136	0	-0.014162	0.73863	4.9804e-06	1e-05	96	1	-0.014162
p.R240L	13	0.93532	0.99997	1.0	137	0	0.26683	0.85327	4.9804e-06	1e-05	116	0	0.26683
safe-target-25	3	0.94298	0.99997	1.0	138	0	0.2323	0.27831	4.9804e-06	1e-05	47	0	0.2323
A184A	6	0.94584	0.99992	1.0	139	0	0.31938	0.43314	4.9804e-06	1e-05	63	1	0.31938
p.Glu79Gln	15	0.9486	0.99998	1.0	140	0	0.25793	0.3642	4.9804e-06	1e-05	56	2	0.25793
p.R536C	9	0.949	0.99998	1.0	141	0	0.22941	0.43832	4.9804e-06	1e-05	64	1	0.22941
p.G462V	15	0.96134	0.99999	1.0	142	0	0.066583	0.021013	4.9804e-06	1e-05	11	2	0.066583
p.P278L	15	0.96369	1.0	1.0	143	0	0.42108	0.17001	4.9804e-06	1e-05	34	3	0.42108
p.A510V	15	0.96504	1.0	1.0	144	0	0.38035	0.0023619	4.9804e-06	1e-05	9	5	0.38035
G462G	6	0.96891	0.99995	1.0	145	0	0.098847	0.61383	4.9804e-06	1e-05	83	0	0.098847
safe-target-42	3	0.9699	0.99999	1.0	146	0	0.34747	0.21327	4.9804e-06	1e-05	40	1	0.34747
p.W450L	15	0.97034	1.0	1.0	147	0	0.085019	0.67829	4.9804e-06	1e-05	90	1	0.085019
p.R320L	15	0.97322	1.0	1.0	148	0	0.22913	0.7859	4.9804e-06	1e-05	104	1	0.22913
G186G	6	0.97787	0.99999	1.0	149	0	0.19057	0.22996	4.9804e-06	1e-05	41	1	0.19057
p.G186C	15	0.98431	1.0	1.0	150	0	0.42595	0.16003	4.9804e-06	1e-05	31	3	0.42595
p.P278S	15	0.98609	1.0	1.0	151	0	0.38562	0.1624	4.9804e-06	1e-05	32	2	0.38562
p.R320Q	15	0.988	1.0	1.0	152	0	0.14431	0.053961	4.9804e-06	1e-05	18	2	0.14431
p.Y300C	15	0.98924	1.0	1.0	153	0	0.26751	0.070548	4.9804e-06	1e-05	19	3	0.26751
p.Gly31Glu	15	0.99479	1.0	1.0	154	0	-0.18488	0.58345	4.9804e-06	1e-05	80	1	-0.18488
p.Arg34Gly	15	0.99555	1.0	1.0	155	0	-0.046813	0.39425	4.9804e-06	1e-05	59	2	-0.046813
p.S508R	15	0.99894	1.0	1.0	156	0	0.31883	0.33378	4.9804e-06	1e-05	52	2	0.31883
p.M550K	15	0.99953	1.0	1.0	157	0	0.45828	0.00022617	4.9804e-06	1e-05	4	5	0.45828
safe-target-26	3	0.99968	1.0	1.0	158	0	1.2299	0.00031611	4.9804e-06	1e-05	5	3	1.2299
p.A184G	15	0.99973	1.0	1.0	159	0	0.4966	0.00053454	4.9804e-06	1e-05	6	6	0.4966
safe-target-10	3	1.0	1.0	1.0	160	0	1.7923	4.5976e-07	4.9804e-06	1e-05	2	3	1.7923
safe-target-15	3	1.0	1.0	1.0	161	0	2.1869	2.7547e-08	4.9804e-06	1e-05	1	3	2.1869
