id	num	neg|score	neg|p-value	neg|fdr	neg|rank	neg|goodsgrna	neg|lfc	pos|score	pos|p-value	pos|fdr	pos|rank	pos|goodsgrna	pos|lfc
V369V	5	1.2513e-06	0.00011455	0.023139	1	4	-1.6521	0.40155	4.9804e-06	9e-06	55	1	-1.6521
safe-target-24	3	0.00014808	0.00061259	0.061871	2	2	-2.3779	0.53936	4.9804e-06	9e-06	73	0	-2.3779
p.G364C	15	0.0005318	0.33051	1.0	3	5	0.1174	0.0075323	4.9804e-06	9e-06	12	5	0.1174
safe-target-13	3	0.00071781	0.025385	1.0	4	3	-0.84132	0.99928	0.97462	1.0	161	0	-0.84132
p.G378C	15	0.00077721	0.33928	1.0	5	3	0.22555	0.00021704	4.9804e-06	9e-06	6	6	0.22555
p.I416F	15	0.0032547	0.53591	1.0	6	4	-0.26579	0.050945	4.9804e-06	9e-06	22	2	-0.26579
safe-target-9	3	0.004199	0.055457	1.0	7	2	-0.95462	0.99749	0.88752	1.0	160	0	-0.95462
S45S	6	0.0065171	0.19863	1.0	8	3	-0.58848	0.4859	4.9804e-06	9e-06	68	1	-0.58848
C171C	6	0.0067227	0.20423	1.0	9	2	-0.19936	0.70501	4.9804e-06	9e-06	94	0	-0.19936
safe-target-29	3	0.011782	0.09271	1.0	10	2	-0.78795	0.99053	0.66312	0.842457	157	0	-0.78795
p.V369L	15	0.014455	0.73154	1.0	11	3	0.11762	0.00064027	4.9804e-06	9e-06	9	6	0.11762
p.G333C	15	0.021868	0.74676	1.0	12	4	-0.1322	0.27851	4.9804e-06	9e-06	44	3	-0.1322
p.Glu82Asp	15	0.026733	0.75421	1.0	13	4	-0.15715	0.80401	4.9804e-06	9e-06	108	1	-0.15715
p.G332C	15	0.030591	0.76321	1.0	14	4	-0.28138	0.13208	4.9804e-06	9e-06	34	3	-0.28138
V465V	6	0.033556	0.42762	1.0	15	2	-0.041761	0.77068	4.9804e-06	9e-06	102	0	-0.041761
p.P361L	15	0.036824	0.78068	1.0	16	3	0.092618	0.032526	4.9804e-06	9e-06	18	4	0.092618
safe-target-12	3	0.038725	0.31811	1.0	17	1	0.19163	0.68685	0.023971	0.04035	91	0	0.19163
H210H	6	0.045394	0.44292	1.0	18	2	0.49507	0.10566	4.9804e-06	9e-06	27	2	0.49507
G364G	6	0.053111	0.46368	1.0	19	1	0.51118	0.01287	4.9804e-06	9e-06	13	3	0.51118
p.R362Q	15	0.055638	0.84643	1.0	20	3	0.68862	0.00049089	4.9804e-06	9e-06	7	7	0.68862
p.W252L	15	0.063434	0.88221	1.0	21	1	-0.038521	0.63347	4.9804e-06	9e-06	81	1	-0.038521
p.V465L	15	0.079384	0.88722	1.0	22	3	0.25681	0.40506	4.9804e-06	9e-06	56	2	0.25681
G378G	6	0.087195	0.57308	1.0	23	2	-0.47881	0.23948	4.9804e-06	9e-06	42	1	-0.47881
G332G	6	0.094629	0.60381	1.0	24	1	-0.24545	0.6401	4.9804e-06	9e-06	82	0	-0.24545
R320R	6	0.098327	0.62595	1.0	25	1	0.29524	0.050774	4.9804e-06	9e-06	21	2	0.29524
p.A510V	15	0.13354	0.90976	1.0	26	3	0.1156	0.12157	4.9804e-06	9e-06	30	4	0.1156
p.S45F	15	0.13894	0.91586	1.0	27	2	0.021182	0.95927	4.9804e-06	9e-06	147	0	0.021182
safe-target-4	3	0.15698	0.43399	1.0	28	1	-0.60239	0.9513	0.26658	0.34742	144	0	-0.60239
R240R	6	0.15929	0.73839	1.0	29	1	0.058854	0.70209	4.9804e-06	9e-06	93	0	0.058854
p.G430C	15	0.16726	0.93865	1.0	30	3	-0.056944	0.014985	4.9804e-06	9e-06	14	1	-0.056944
R260R	6	0.18338	0.74796	1.0	31	1	0.50639	0.50187	4.9804e-06	9e-06	69	1	0.50639
safe-target-34	3	0.18714	0.50995	1.0	32	1	0.15761	0.65125	0.023961	0.04035	85	0	0.15761
p.R320L	15	0.19577	0.96279	1.0	33	1	0.51864	0.045341	4.9804e-06	9e-06	20	4	0.51864
G558G	6	0.19688	0.74797	1.0	34	1	0.0092998	0.59308	4.9804e-06	9e-06	78	0	0.0092998
E192E	6	0.21019	0.75255	1.0	35	1	-0.25839	0.96381	0.094642	0.140571	149	0	-0.25839
safe-target-30	2	0.22569	0.7094	1.0	36	0	-0.18151	0.31113	4.9804e-06	9e-06	48	0	-0.18151
A510A	6	0.22658	0.76174	1.0	37	1	0.24984	0.131	4.9804e-06	9e-06	33	2	0.24984
safe-target-27	3	0.23354	0.62557	1.0	38	1	-0.56459	0.876	0.071862	0.109144	119	0	-0.56459
R413R	6	0.23948	0.76175	1.0	39	1	0.4401	0.078697	4.9804e-06	9e-06	25	2	0.4401
safe-target-46	3	0.26839	0.73183	1.0	40	1	-0.31255	0.95597	0.26658	0.34742	146	0	-0.31255
Y572Y	6	0.27096	0.78043	1.0	41	1	0.39912	0.11216	4.9804e-06	9e-06	28	2	0.39912
p.R320Q	15	0.27407	0.96766	1.0	42	1	0.75537	0.00012401	4.9804e-06	9e-06	5	8	0.75537
safe-target-33	3	0.28942	0.7787	1.0	43	0	-0.23883	0.94884	0.26657	0.34742	143	0	-0.23883
R272R	6	0.29835	0.78908	1.0	44	1	0.076855	0.42025	4.9804e-06	9e-06	59	1	0.076855
safe-target-50	3	0.31162	0.84373	1.0	45	0	-0.29726	0.96632	0.34352	0.441983	150	0	-0.29726
safe-target-28	3	0.31319	0.84373	1.0	46	0	0.19399	0.47671	4.9804e-06	9e-06	67	0	0.19399
safe-target-39	3	0.33947	0.85689	1.0	47	0	-0.51631	0.92931	0.2058	0.27715	136	0	-0.51631
p.R71L	15	0.34872	0.9758	1.0	48	2	-0.36962	0.84365	4.9804e-06	9e-06	115	1	-0.36962
safe-target-37	3	0.35761	0.86992	1.0	49	0	-0.49059	0.9608	0.30574	0.395895	148	0	-0.49059
p.N238K	15	0.36524	0.97724	1.0	50	1	0.000757	0.84186	4.9804e-06	9e-06	114	1	0.000757
S224S	6	0.37815	0.85757	1.0	51	1	0.18443	0.81695	4.9804e-06	9e-06	110	0	0.18443
safe-target-49	3	0.3842	0.89393	1.0	52	0	-0.43473	0.99025	0.65038	0.831502	156	0	-0.43473
G430G	6	0.38623	0.86242	1.0	53	1	0.13414	0.3364	4.9804e-06	9e-06	52	1	0.13414
p.Y300C	15	0.4036	0.98236	1.0	54	1	0.43083	0.56063	4.9804e-06	9e-06	76	2	0.43083
p.V568F	15	0.40978	0.98445	1.0	55	1	0.31838	0.044712	4.9804e-06	9e-06	19	5	0.31838
S508S	6	0.40996	0.87572	1.0	56	1	-0.27662	0.75986	4.9804e-06	9e-06	100	0	-0.27662
safe-target-40	3	0.42687	0.93555	1.0	57	0	-0.48104	0.92036	0.20579	0.27715	135	0	-0.48104
p.H274R	15	0.44881	0.98916	1.0	58	2	0.51321	0.0018444	4.9804e-06	9e-06	10	6	0.51321
safe-target-5	3	0.4515	0.94965	1.0	59	0	-0.2714	0.90865	0.18457	0.253624	131	0	-0.2714
p.H210P	15	0.45712	0.99027	1.0	60	1	0.75595	3.2646e-05	4.9804e-06	9e-06	3	8	0.75595
I416I	3	0.49479	0.96884	1.0	61	0	-0.21183	0.83335	0.047498	0.075696	111	0	-0.21183
V155V	6	0.50412	0.96005	1.0	62	0	-0.065384	0.66672	4.9804e-06	9e-06	86	0	-0.065384
safe-target-45	3	0.5087	0.97123	1.0	63	0	-0.3763	0.94573	0.26657	0.34742	141	0	-0.3763
p.R71W	15	0.5113	0.99289	1.0	64	1	-0.24975	0.99477	0.11504	0.168394	159	0	-0.24975
p.H311R	15	0.51644	0.9929	1.0	65	1	-0.17257	0.66739	4.9804e-06	9e-06	87	1	-0.17257
safe-target-48	3	0.52358	0.97798	1.0	66	0	-0.27442	0.95315	0.26658	0.34742	145	0	-0.27442
R362R	5	0.52545	0.96564	1.0	67	0	0.1174	0.16988	4.9804e-06	9e-06	38	1	0.1174
p.P278L	15	0.52655	0.993	1.0	68	1	0.067925	0.70967	4.9804e-06	9e-06	96	1	0.067925
safe-target-32	3	0.53091	0.97799	1.0	69	0	-0.17398	0.83578	0.047498	0.075696	112	0	-0.17398
G524G	6	0.54524	0.97665	1.0	70	0	-0.089043	0.9382	0.094632	0.140571	139	0	-0.089043
safe-target-17	3	0.54534	0.98005	1.0	71	0	-0.20651	0.87145	0.071862	0.109144	117	0	-0.20651
safe-target-1	3	0.55126	0.98006	1.0	72	0	-0.2398	0.89451	0.18456	0.253624	128	0	-0.2398
safe-target-23	3	0.57671	0.98478	1.0	73	0	-0.13359	0.88622	0.11875	0.171335	125	0	-0.13359
R234R	6	0.58153	0.9805	1.0	74	0	0.069704	0.59875	4.9804e-06	9e-06	79	0	0.069704
p.R234W	15	0.5832	0.99367	1.0	75	1	-0.13176	0.97138	4.9804e-06	9e-06	152	0	-0.13176
safe-target-19	3	0.59899	0.98866	1.0	76	0	-0.34614	0.91108	0.18457	0.253624	133	0	-0.34614
safe-target-38	3	0.60335	0.98867	1.0	77	0	-0.25166	0.88288	0.071862	0.109144	123	0	-0.25166
R71R	6	0.60806	0.98657	1.0	78	0	-0.19374	0.98267	0.13854	0.197077	154	0	-0.19374
safe-target-16	3	0.61091	0.98985	1.0	79	0	-0.18554	0.88239	0.071862	0.109144	122	0	-0.18554
safe-target-35	3	0.62153	0.99111	1.0	80	0	-0.16858	0.88574	0.11875	0.171335	124	0	-0.16858
safe-target-22	3	0.64523	0.99479	1.0	81	0	-0.0045034	0.70771	0.023971	0.04035	95	0	-0.0045034
safe-target-14	3	0.65225	0.99479	1.0	82	0	-0.16679	0.87996	0.071862	0.109144	120	0	-0.16679
L237L	6	0.65362	0.99246	1.0	83	0	-0.016481	0.4228	4.9804e-06	9e-06	60	1	-0.016481
S102S	6	0.65528	0.99247	1.0	84	0	-0.41292	0.97078	0.094642	0.140571	151	0	-0.41292
safe-target-7	3	0.67748	0.99688	1.0	85	0	-0.10922	0.89541	0.18456	0.253624	129	0	-0.10922
safe-target-41	3	0.67843	0.99688	1.0	86	0	-0.12285	0.89179	0.18456	0.253624	126	0	-0.12285
N238N	6	0.68711	0.99611	1.0	87	0	0.20815	0.75366	4.9804e-06	9e-06	99	0	0.20815
G333G	6	0.69167	0.99658	1.0	88	0	-0.012498	0.8049	4.9804e-06	9e-06	109	0	-0.012498
P361P	6	0.70209	0.99736	1.0	89	0	0.49357	0.13238	4.9804e-06	9e-06	36	2	0.49357
H311H	6	0.70501	0.99737	1.0	90	0	-0.28076	0.98535	0.13854	0.197077	155	0	-0.28076
p.G480R	15	0.72962	0.9968	1.0	91	1	-0.083424	0.94037	4.9804e-06	9e-06	140	0	-0.083424
safe-target-20	3	0.73682	0.99903	1.0	92	0	0.17799	0.71908	0.023971	0.04035	98	0	0.17799
R415R	6	0.74605	0.99917	1.0	93	0	0.23011	0.50412	4.9804e-06	9e-06	70	1	0.23011
safe-target-31	3	0.74982	0.99904	1.0	94	0	-0.035308	0.79685	0.047498	0.075696	106	0	-0.035308
safe-target-8	3	0.753	0.99904	1.0	95	0	0.027289	0.68031	0.023971	0.04035	89	0	0.027289
safe-target-18	3	0.75615	0.99904	1.0	96	0	-0.18595	0.83638	0.047498	0.075696	113	0	-0.18595
safe-target-47	3	0.7585	0.99904	1.0	97	0	0.10466	0.78839	0.047488	0.075696	104	0	0.10466
p.Q163L	15	0.76832	0.9979	1.0	98	1	0.12597	0.71439	4.9804e-06	9e-06	97	1	0.12597
G462G	6	0.77068	0.99951	1.0	99	0	0.0053714	0.80283	4.9804e-06	9e-06	107	0	0.0053714
p.R260L	15	0.77214	0.99797	1.0	100	1	0.32332	0.3016	4.9804e-06	9e-06	47	3	0.32332
Y300Y	6	0.7742	0.99951	1.0	101	0	0.49686	0.64181	4.9804e-06	9e-06	83	0	0.49686
safe-target-36	3	0.7797	0.99936	1.0	102	0	-0.16242	0.91464	0.20579	0.27715	134	0	-0.16242
L281L	6	0.78223	0.99952	1.0	103	0	0.060252	0.31906	4.9804e-06	9e-06	51	1	0.060252
p.W403C	15	0.78567	0.99842	1.0	104	1	0.41969	0.019969	4.9804e-06	9e-06	16	4	0.41969
Q163Q	6	0.79436	0.99959	1.0	105	0	-0.32155	0.88113	0.047966	0.075696	121	0	-0.32155
p.M161I	15	0.79503	0.99862	1.0	106	1	0.26892	0.40135	4.9804e-06	9e-06	54	2	0.26892
p.G524C	15	0.80619	0.99911	1.0	107	0	-0.34869	0.90717	4.9804e-06	9e-06	130	0	-0.34869
p.P278S	15	0.80836	0.99912	1.0	108	0	0.060438	0.11384	4.9804e-06	9e-06	29	4	0.060438
p.R240L	13	0.81036	0.99959	1.0	109	0	0.14125	0.93623	4.9804e-06	9e-06	138	0	0.14125
safe-target-11	3	0.8183	0.99947	1.0	110	0	0.085975	0.68778	0.023971	0.04035	92	0	0.085975
R601R	6	0.81986	0.99982	1.0	111	0	0.24051	0.52829	4.9804e-06	9e-06	72	1	0.24051
G186G	6	0.82557	0.99984	1.0	112	0	0.22271	0.79165	4.9804e-06	9e-06	105	0	0.22271
safe-target-3	3	0.82843	0.99961	1.0	113	0	0.0438	0.78189	0.047488	0.075696	103	0	0.0438
p.W252C	15	0.83451	0.99978	1.0	114	0	-0.012246	0.55585	4.9804e-06	9e-06	74	2	-0.012246
H274H	6	0.83654	0.99993	1.0	115	0	0.33476	0.12386	4.9804e-06	9e-06	31	1	0.33476
p.L281M	15	0.84005	0.9998	1.0	116	0	0.15499	0.069504	4.9804e-06	9e-06	24	3	0.15499
G603G	6	0.84609	0.99994	1.0	117	0	0.33292	0.46951	4.9804e-06	9e-06	64	1	0.33292
p.S224F	15	0.84891	0.99988	1.0	118	0	0.32864	0.31615	4.9804e-06	9e-06	50	3	0.32864
safe-target-6	3	0.84984	0.99962	1.0	119	0	0.22986	0.67843	0.023971	0.04035	88	0	0.22986
p.E192K	15	0.85062	0.99988	1.0	120	0	-0.01518	0.87426	4.9804e-06	9e-06	118	1	-0.01518
V568V	6	0.85109	0.99997	1.0	121	0	0.031564	0.65028	4.9804e-06	9e-06	84	0	0.031564
G480G	6	0.85516	0.99997	1.0	122	0	-0.057599	0.7623	4.9804e-06	9e-06	101	0	-0.057599
p.G558R	15	0.8668	0.99992	1.0	123	0	-0.058341	0.27981	4.9804e-06	9e-06	45	3	-0.058341
safe-target-21	3	0.86782	0.99998	1.0	124	0	0.062632	0.47147	4.9804e-06	9e-06	65	0	0.062632
C297C	6	0.87768	1.0	1.0	125	0	0.26305	0.47659	4.9804e-06	9e-06	66	1	0.26305
p.C171F	15	0.88406	0.99995	1.0	126	0	-0.27518	0.14938	4.9804e-06	9e-06	37	2	-0.27518
p.R272C	15	0.89682	0.99997	1.0	127	0	0.36065	0.051093	4.9804e-06	9e-06	23	4	0.36065
p.V155F	15	0.89802	0.99997	1.0	128	0	0.037059	0.99266	0.11504	0.168394	158	0	0.037059
safe-target-44	3	0.90576	0.99998	1.0	129	0	0.15804	0.46487	4.9804e-06	9e-06	63	0	0.15804
p.G462V	15	0.9104	0.99999	1.0	130	0	0.069477	0.68151	4.9804e-06	9e-06	90	1	0.069477
p.R415H	15	0.91249	0.99999	1.0	131	0	0.42689	0.079384	4.9804e-06	9e-06	26	3	0.42689
p.G603V	15	0.91454	1.0	1.0	132	0	0.053505	0.4514	4.9804e-06	9e-06	62	2	0.053505
p.Y572C	15	0.91654	1.0	1.0	133	0	0.011339	0.89313	4.9804e-06	9e-06	127	0	0.011339
A184A	6	0.92108	1.0	1.0	134	0	0.13647	0.84524	0.047956	0.075696	116	0	0.13647
p.C297F	15	0.92229	1.0	1.0	135	0	0.080004	0.40875	4.9804e-06	9e-06	57	2	0.080004
p.R601L	15	0.92767	1.0	1.0	136	0	0.13851	0.90933	4.9804e-06	9e-06	132	0	0.13851
safe-target-2	3	0.92965	0.99999	1.0	137	0	0.2533	0.50619	4.9804e-06	9e-06	71	0	0.2533
N414N	6	0.9333	1.0	1.0	138	0	0.13852	0.17997	4.9804e-06	9e-06	39	2	0.13852
p.G480W	15	0.93351	1.0	1.0	139	0	0.061394	0.9459	4.9804e-06	9e-06	142	0	0.061394
p.R413L	15	0.94457	1.0	1.0	140	0	0.20698	0.13046	4.9804e-06	9e-06	32	4	0.20698
p.S102L	15	0.95502	1.0	1.0	141	0	0.048281	0.026494	4.9804e-06	9e-06	17	3	0.048281
p.Gly31Glu	15	0.95557	1.0	1.0	142	0	-0.050993	0.93189	4.9804e-06	9e-06	137	0	-0.050993
P278P	6	0.95985	1.0	1.0	143	0	0.31947	0.55863	4.9804e-06	9e-06	75	1	0.31947
p.W450L	15	0.96173	1.0	1.0	144	0	-0.22903	0.97871	4.9804e-06	9e-06	153	0	-0.22903
p.R536C	9	0.96761	1.0	1.0	145	0	0.21277	0.26813	4.9804e-06	9e-06	43	2	0.21277
p.S508R	15	0.96831	1.0	1.0	146	0	0.17377	0.19819	4.9804e-06	9e-06	40	3	0.17377
safe-target-43	3	0.96858	1.0	1.0	147	0	0.33389	0.42548	4.9804e-06	9e-06	61	0	0.33389
p.Arg34Gly	15	0.97844	1.0	1.0	148	0	0.17004	0.29613	4.9804e-06	9e-06	46	1	0.17004
R536R	6	0.98475	1.0	1.0	149	0	0.35948	0.40996	4.9804e-06	9e-06	58	1	0.35948
p.R413C	15	0.98566	1.0	1.0	150	0	0.36918	0.0069867	4.9804e-06	9e-06	11	6	0.36918
p.M550K	15	0.98604	1.0	1.0	151	0	0.22968	0.57008	4.9804e-06	9e-06	77	2	0.22968
safe-target-25	3	0.98767	1.0	1.0	152	0	0.56856	0.21657	4.9804e-06	9e-06	41	1	0.56856
safe-target-42	3	0.98798	1.0	1.0	153	0	0.50546	0.017005	4.9804e-06	9e-06	15	1	0.50546
p.N414I	15	0.99045	1.0	1.0	154	0	0.35156	0.33662	4.9804e-06	9e-06	53	3	0.35156
p.L237V	15	0.99132	1.0	1.0	155	0	0.19204	0.31323	4.9804e-06	9e-06	49	3	0.19204
p.G186C	15	0.99296	1.0	1.0	156	0	0.31766	0.60955	4.9804e-06	9e-06	80	2	0.31766
p.Glu79Gln	15	0.99833	1.0	1.0	157	0	0.49952	0.13227	4.9804e-06	9e-06	35	4	0.49952
p.A184G	15	0.99923	1.0	1.0	158	0	0.68162	0.00061548	4.9804e-06	9e-06	8	7	0.68162
safe-target-26	3	0.99992	1.0	1.0	159	0	1.3341	8.478e-05	4.9804e-06	9e-06	4	3	1.3341
safe-target-10	3	1.0	1.0	1.0	160	0	1.786	3.9154e-06	4.9804e-06	9e-06	2	3	1.786
safe-target-15	3	1.0	1.0	1.0	161	0	2.3557	3.4925e-07	4.9804e-06	9e-06	1	3	2.3557
