id	num	neg|score	neg|p-value	neg|fdr	neg|rank	neg|goodsgrna	neg|lfc	pos|score	pos|p-value	pos|fdr	pos|rank	pos|goodsgrna	pos|lfc
V369V	5	1.2513e-06	1.4941e-05	0.003018	1	4	-1.6521	0.40155	0.41111	0.999577	55	1	-1.6521
safe-target-24	3	0.00014808	0.00047314	0.047787	2	2	-2.3779	0.53936	0.5376	0.999577	74	0	-2.3779
non-target-10	3	0.0003961	0.0011206	0.064243	3	3	-0.75272	0.9996	0.99958	0.999577	202	0	-0.75272
non-target-28	3	0.00046485	0.0012899	0.064243	4	3	-0.72645	0.99954	0.99948	0.999577	201	0	-0.72645
p.G364C	15	0.0005318	0.0027342	0.069039	5	5	0.1174	0.0075323	0.031939	0.481819	12	5	0.1174
safe-target-13	3	0.00071781	0.0018776	0.064243	6	3	-0.84132	0.99928	0.99917	0.999577	200	0	-0.84132
p.G378C	15	0.00077721	0.0037502	0.084172	7	3	0.22555	0.00021704	0.0014393	0.048457	6	6	0.22555
non-target-22	3	0.00078429	0.0020469	0.064243	8	3	-0.7323	0.99922	0.99908	0.999577	199	0	-0.7323
non-target-5	3	0.00085474	0.0022262	0.064243	9	3	-0.80378	0.99915	0.999	0.999577	198	0	-0.80378
p.I416F	15	0.0032547	0.014309	0.240862	10	4	-0.26579	0.050945	0.14756	0.999577	22	2	-0.26579
safe-target-9	3	0.004199	0.0083322	0.16831	11	2	-0.95462	0.99749	0.99756	0.999577	196	0	-0.95462
non-target-24	3	0.0061381	0.011739	0.215566	12	2	-0.85741	0.99861	0.99845	0.999577	197	0	-0.85741
S45S	6	0.0065171	0.017257	0.251006	13	3	-0.58848	0.4859	0.4969	0.999577	69	1	-0.58848
C171C	6	0.0067227	0.017775	0.251006	14	2	-0.19936	0.70501	0.705	0.999577	95	0	-0.19936
non-target-37	3	0.010605	0.020006	0.251006	15	2	-0.78691	0.96653	0.966	0.999577	165	0	-0.78691
non-target-2	3	0.011542	0.02152	0.251006	16	2	-0.7837	0.99268	0.9927	0.999577	189	0	-0.7837
safe-target-29	3	0.011782	0.021849	0.251006	17	2	-0.78795	0.99053	0.99047	0.999577	184	0	-0.78795
non-target-31	3	0.012024	0.022367	0.251006	18	2	-0.75858	0.99043	0.99039	0.999577	183	0	-0.75858
p.V369L	15	0.014455	0.050526	0.421529	19	3	0.11762	0.00064027	0.0036705	0.082383	9	6	0.11762
non-target-17	3	0.017652	0.032039	0.340623	20	2	-0.70769	0.9958	0.99593	0.999577	195	0	-0.70769
non-target-15	3	0.019141	0.034838	0.351861	21	2	-0.68902	0.91346	0.91294	0.999577	141	0	-0.68902
non-target-36	3	0.021641	0.03923	0.377359	22	2	-0.67177	0.99442	0.99455	0.999577	191	0	-0.67177
p.G333C	15	0.021868	0.068037	0.490838	23	4	-0.1322	0.27851	0.47178	0.999577	44	3	-0.1322
non-target-21	3	0.023609	0.042607	0.391211	24	2	-0.65003	0.98415	0.98421	0.999577	177	0	-0.65003
non-target-1	3	0.026357	0.047169	0.414268	25	2	-0.62838	0.98979	0.98973	0.999577	181	0	-0.62838
p.Glu82Asp	15	0.026733	0.079382	0.552938	26	4	-0.15715	0.80401	0.82729	0.999577	110	1	-0.15715
non-target-13	3	0.029244	0.052169	0.421529	27	2	-0.61959	0.98325	0.98331	0.999577	176	0	-0.61959
p.G332C	15	0.030591	0.088357	0.575745	28	4	-0.28138	0.13208	0.29475	0.999577	34	3	-0.28138
V465V	6	0.033556	0.067081	0.490838	29	2	-0.041761	0.77068	0.77126	0.999577	104	0	-0.041761
p.P361L	15	0.036824	0.10265	0.628346	30	3	0.092618	0.032526	0.10387	0.999577	18	4	0.092618
safe-target-12	3	0.038725	0.059799	0.464595	31	1	0.19163	0.68685	0.68693	0.999577	92	0	0.19163
H210H	6	0.045394	0.08515	0.57334	32	2	0.49507	0.10566	0.17965	0.999577	27	2	0.49507
G364G	6	0.053111	0.096634	0.610004	33	1	0.51118	0.01287	0.033393	0.481819	13	3	0.51118
p.R362Q	15	0.055638	0.14368	0.82481	34	3	0.68862	0.00049089	0.0028936	0.082383	7	7	0.68862
p.W252L	15	0.063434	0.15876	0.82481	35	1	-0.038521	0.63347	0.75588	0.999577	82	1	-0.038521
p.V465L	15	0.079384	0.18346	0.82481	36	3	0.25681	0.40506	0.58479	0.999577	56	2	0.25681
G378G	6	0.087195	0.14634	0.82481	37	2	-0.47881	0.23948	0.32283	0.999577	42	1	-0.47881
G332G	6	0.094629	0.15715	0.82481	38	1	-0.24545	0.6401	0.64002	0.999577	83	0	-0.24545
R320R	6	0.098327	0.16282	0.82481	39	1	0.29524	0.050774	0.1071	0.999577	21	2	0.29524
p.A510V	15	0.13354	0.26441	0.82481	40	3	0.1156	0.12157	0.27628	0.999577	30	4	0.1156
p.S45F	15	0.13894	0.27235	0.82481	41	2	0.021182	0.95927	0.95987	0.999577	159	0	0.021182
safe-target-4	3	0.15698	0.16322	0.82481	42	1	-0.60239	0.9513	0.95092	0.999577	155	0	-0.60239
non-target-26	3	0.15877	0.16491	0.82481	43	1	-0.49789	0.97205	0.97164	0.999577	169	0	-0.49789
R240R	6	0.15929	0.21847	0.82481	44	1	0.058854	0.70209	0.70213	0.999577	94	0	0.058854
p.G430C	15	0.16726	0.31492	0.82481	45	3	-0.056944	0.014985	0.056214	0.757009	14	1	-0.056944
non-target-3	2	0.17898	0.17989	0.82481	46	1	-0.33491	0.43624	0.4358	0.999577	62	0	-0.33491
R260R	6	0.18338	0.23464	0.82481	47	1	0.50639	0.50187	0.51018	0.999577	70	1	0.50639
safe-target-34	3	0.18714	0.1906	0.82481	48	1	0.15761	0.65125	0.65	0.999577	86	0	0.15761
non-target-14	3	0.19064	0.19385	0.82481	49	1	-0.43026	0.94428	0.94376	0.999577	151	0	-0.43026
non-target-40	3	0.19413	0.19708	0.82481	50	1	-0.58249	0.88479	0.88506	0.999577	128	0	-0.58249
p.R320L	15	0.19577	0.35516	0.865882	51	1	0.51864	0.045341	0.13665	0.999577	20	4	0.51864
non-target-33	3	0.19587	0.19852	0.82481	52	1	-0.39346	0.96976	0.96935	0.999577	166	0	-0.39346
G558G	6	0.19688	0.24334	0.82481	53	1	0.0092998	0.59308	0.59307	0.999577	79	0	0.0092998
non-target-8	3	0.19761	0.20011	0.82481	54	1	-0.54691	0.99531	0.99546	0.999577	194	0	-0.54691
E192E	6	0.21019	0.25255	0.82481	55	1	-0.25839	0.96381	0.96512	0.999577	163	0	-0.25839
non-target-29	3	0.22339	0.22431	0.82481	56	1	-0.51854	0.97626	0.97622	0.999577	170	0	-0.51854
safe-target-30	2	0.22569	0.22728	0.82481	57	0	-0.18151	0.31113	0.31147	0.999577	48	0	-0.18151
A510A	6	0.22658	0.26464	0.82481	58	1	0.24984	0.131	0.21338	0.999577	33	2	0.24984
safe-target-27	3	0.23354	0.23343	0.82481	59	1	-0.56459	0.876	0.87619	0.999577	122	0	-0.56459
non-target-23	3	0.23523	0.23512	0.82481	60	1	-0.60773	0.99429	0.99444	0.999577	190	0	-0.60773
non-target-6	3	0.23859	0.23824	0.82481	61	1	-0.32656	0.95963	0.95947	0.999577	160	0	-0.32656
R413R	6	0.23948	0.27417	0.82481	62	1	0.4401	0.078697	0.14394	0.999577	25	2	0.4401
non-target-39	3	0.24194	0.2415	0.82481	63	1	-0.54485	0.97958	0.97966	0.999577	173	0	-0.54485
non-target-19	3	0.24861	0.24825	0.82481	64	1	-0.38044	0.98633	0.98639	0.999577	180	0	-0.38044
non-target-27	3	0.26675	0.26582	0.82481	65	1	-0.56702	0.98062	0.98065	0.999577	174	0	-0.56702
safe-target-46	3	0.26839	0.26746	0.82481	66	1	-0.31255	0.95597	0.9559	0.999577	157	0	-0.31255
Y572Y	6	0.27096	0.29811	0.82481	67	1	0.39912	0.11216	0.18842	0.999577	28	2	0.39912
non-target-32	3	0.27328	0.27199	0.82481	68	1	-0.6078	0.99526	0.9954	0.999577	193	0	-0.6078
p.R320Q	15	0.27407	0.42292	0.955187	69	1	0.75537	0.00012401	0.00084168	0.034004	5	8	0.75537
non-target-25	3	0.2749	0.27355	0.82481	70	1	-0.55242	0.97692	0.97678	0.999577	171	0	-0.55242
non-target-16	3	0.2846	0.28306	0.82481	71	0	-0.50906	0.9849	0.98499	0.999577	178	0	-0.50906
non-target-30	3	0.28782	0.28617	0.82481	72	0	-0.51724	0.99173	0.99158	0.999577	185	0	-0.51724
safe-target-33	3	0.28942	0.28787	0.82481	73	0	-0.23883	0.94884	0.94854	0.999577	154	0	-0.23883
non-target-38	3	0.29422	0.29258	0.82481	74	0	-0.47621	0.94398	0.94345	0.999577	150	0	-0.47621
non-target-35	3	0.2974	0.29588	0.82481	75	0	-0.59685	0.9624	0.9621	0.999577	162	0	-0.59685
R272R	6	0.29835	0.31904	0.82481	76	1	0.076855	0.42025	0.44542	0.999577	59	1	0.076855
non-target-41	3	0.30374	0.30231	0.82481	77	0	-0.25114	0.95696	0.95683	0.999577	158	0	-0.25114
non-target-18	3	0.30848	0.3069	0.82481	78	0	-0.52034	0.88432	0.88465	0.999577	127	0	-0.52034
safe-target-50	3	0.31162	0.31006	0.82481	79	0	-0.29726	0.96632	0.96578	0.999577	164	0	-0.29726
safe-target-28	3	0.31319	0.31162	0.82481	80	0	0.19399	0.47671	0.47557	0.999577	68	0	0.19399
non-target-7	3	0.32409	0.32257	0.82481	81	0	-0.44466	0.93135	0.93089	0.999577	145	0	-0.44466
safe-target-39	3	0.33947	0.33839	0.854439	82	0	-0.51631	0.92931	0.92875	0.999577	144	0	-0.51631
p.R71L	15	0.34872	0.4893	0.999995	83	2	-0.36962	0.84365	0.85214	0.999577	117	1	-0.36962
non-target-20	3	0.35611	0.35446	0.865882	84	0	-0.53826	0.99214	0.99203	0.999577	186	0	-0.53826
safe-target-37	3	0.35761	0.35578	0.865882	85	0	-0.49059	0.9608	0.96053	0.999577	161	0	-0.49059
p.N238K	15	0.36524	0.50435	0.999995	86	1	0.000757	0.84186	0.8507	0.999577	116	1	0.000757
S224S	6	0.37815	0.38618	0.917754	87	1	0.18443	0.81695	0.8169	0.999577	112	0	0.18443
safe-target-49	3	0.3842	0.38302	0.917754	88	0	-0.43473	0.99025	0.9902	0.999577	182	0	-0.43473
G430G	6	0.38623	0.39353	0.924348	89	1	0.13414	0.3364	0.38518	0.999577	52	1	0.13414
p.Y300C	15	0.4036	0.54068	0.999995	90	1	0.43083	0.56063	0.69648	0.999577	77	2	0.43083
p.V568F	15	0.40978	0.54673	0.999995	91	1	0.31838	0.044712	0.13511	0.999577	19	5	0.31838
S508S	6	0.40996	0.41511	0.953528	92	1	-0.27662	0.75986	0.76052	0.999577	102	0	-0.27662
non-target-12	3	0.41709	0.4154	0.953528	93	0	-0.45744	0.99222	0.99211	0.999577	187	0	-0.45744
safe-target-40	3	0.42687	0.42558	0.955187	94	0	-0.48104	0.92036	0.91938	0.999577	143	0	-0.48104
non-target-11	3	0.43653	0.43504	0.965695	95	0	-0.30753	0.84524	0.84542	0.999577	119	0	-0.30753
p.H274R	15	0.44881	0.58404	0.999995	96	2	0.51321	0.0018444	0.0097964	0.197887	10	6	0.51321
safe-target-5	3	0.4515	0.45059	0.989338	97	0	-0.2714	0.90865	0.90834	0.999577	138	0	-0.2714
p.H210P	15	0.45712	0.59182	0.999995	98	1	0.75595	3.2646e-05	0.00023408	0.015342	3	8	0.75595
non-target-9	3	0.46619	0.46538	0.999995	99	0	-0.34404	0.89042	0.89067	0.999577	132	0	-0.34404
I416I	3	0.49479	0.49301	0.999995	100	0	-0.21183	0.83335	0.83322	0.999577	113	0	-0.21183
V155V	6	0.50412	0.50538	0.999995	101	0	-0.065384	0.66672	0.66716	0.999577	87	0	-0.065384
safe-target-45	3	0.5087	0.50701	0.999995	102	0	-0.3763	0.94573	0.94527	0.999577	152	0	-0.3763
p.R71W	15	0.5113	0.61921	0.999995	103	1	-0.24975	0.99477	0.99531	0.999577	192	0	-0.24975
non-target-4	3	0.51618	0.5146	0.999995	104	0	-0.034196	0.7335	0.73343	0.999577	100	0	-0.034196
p.H311R	15	0.51644	0.62148	0.999995	105	1	-0.17257	0.66739	0.76813	0.999577	88	1	-0.17257
safe-target-48	3	0.52358	0.52202	0.999995	106	0	-0.27442	0.95315	0.95309	0.999577	156	0	-0.27442
R362R	5	0.52545	0.52437	0.999995	107	0	0.1174	0.16988	0.24313	0.999577	38	1	0.1174
p.P278L	15	0.52655	0.62592	0.999995	108	1	0.067925	0.70967	0.78322	0.999577	97	1	0.067925
safe-target-32	3	0.53091	0.52962	0.999995	109	0	-0.17398	0.83578	0.83583	0.999577	114	0	-0.17398
G524G	6	0.54524	0.54652	0.999995	110	0	-0.089043	0.9382	0.93847	0.999577	148	0	-0.089043
safe-target-17	3	0.54534	0.54366	0.999995	111	0	-0.20651	0.87145	0.87167	0.999577	120	0	-0.20651
safe-target-1	3	0.55126	0.54986	0.999995	112	0	-0.2398	0.89451	0.89465	0.999577	135	0	-0.2398
safe-target-23	3	0.57671	0.57572	0.999995	113	0	-0.13359	0.88622	0.88652	0.999577	130	0	-0.13359
R234R	6	0.58153	0.58191	0.999995	114	0	0.069704	0.59875	0.59875	0.999577	80	0	0.069704
p.R234W	15	0.5832	0.65246	0.999995	115	1	-0.13176	0.97138	0.97176	0.999577	168	0	-0.13176
safe-target-19	3	0.59899	0.59824	0.999995	116	0	-0.34614	0.91108	0.91079	0.999577	140	0	-0.34614
safe-target-38	3	0.60335	0.60288	0.999995	117	0	-0.25166	0.88288	0.88317	0.999577	126	0	-0.25166
R71R	6	0.60806	0.60808	0.999995	118	0	-0.19374	0.98267	0.98329	0.999577	175	0	-0.19374
safe-target-16	3	0.61091	0.61026	0.999995	119	0	-0.18554	0.88239	0.88276	0.999577	125	0	-0.18554
safe-target-35	3	0.62153	0.62094	0.999995	120	0	-0.16858	0.88574	0.8861	0.999577	129	0	-0.16858
safe-target-22	3	0.64523	0.64387	0.999995	121	0	-0.0045034	0.70771	0.70746	0.999577	96	0	-0.0045034
safe-target-14	3	0.65225	0.65092	0.999995	122	0	-0.16679	0.87996	0.88049	0.999577	123	0	-0.16679
L237L	6	0.65362	0.65416	0.999995	123	0	-0.016481	0.4228	0.44726	0.999577	60	1	-0.016481
S102S	6	0.65528	0.65588	0.999995	124	0	-0.41292	0.97078	0.9717	0.999577	167	0	-0.41292
non-target-34	3	0.66308	0.66225	0.999995	125	0	-0.2632	0.88903	0.88919	0.999577	131	0	-0.2632
safe-target-7	3	0.67748	0.67701	0.999995	126	0	-0.10922	0.89541	0.89549	0.999577	136	0	-0.10922
safe-target-41	3	0.67843	0.67795	0.999995	127	0	-0.12285	0.89179	0.89198	0.999577	133	0	-0.12285
N238N	6	0.68711	0.68695	0.999995	128	0	0.20815	0.75366	0.75416	0.999577	101	0	0.20815
G333G	6	0.69167	0.69149	0.999995	129	0	-0.012498	0.8049	0.8051	0.999577	111	0	-0.012498
P361P	6	0.70209	0.70213	0.999995	130	0	0.49357	0.13238	0.21486	0.999577	36	2	0.49357
H311H	6	0.70501	0.705	0.999995	131	0	-0.28076	0.98535	0.98584	0.999577	179	0	-0.28076
p.G480R	15	0.72962	0.74139	0.999995	132	1	-0.083424	0.94037	0.94106	0.999577	149	0	-0.083424
safe-target-20	3	0.73682	0.73658	0.999995	133	0	0.17799	0.71908	0.71848	0.999577	99	0	0.17799
R415R	6	0.74605	0.74663	0.999995	134	0	0.23011	0.50412	0.51202	0.999577	71	1	0.23011
safe-target-31	3	0.74982	0.74952	0.999995	135	0	-0.035308	0.79685	0.79572	0.999577	108	0	-0.035308
safe-target-8	3	0.753	0.75247	0.999995	136	0	0.027289	0.68031	0.68007	0.999577	90	0	0.027289
safe-target-18	3	0.75615	0.75525	0.999995	137	0	-0.18595	0.83638	0.83649	0.999577	115	0	-0.18595
safe-target-47	3	0.7585	0.75773	0.999995	138	0	0.10466	0.78839	0.78677	0.999577	106	0	0.10466
p.Q163L	15	0.76832	0.77161	0.999995	139	1	0.12597	0.71439	0.78527	0.999577	98	1	0.12597
G462G	6	0.77068	0.77126	0.999995	140	0	0.0053714	0.80283	0.80292	0.999577	109	0	0.0053714
p.R260L	15	0.77214	0.77527	0.999995	141	1	0.32332	0.3016	0.49839	0.999577	47	3	0.32332
Y300Y	6	0.7742	0.77487	0.999995	142	0	0.49686	0.64181	0.6418	0.999577	84	0	0.49686
safe-target-36	3	0.7797	0.77867	0.999995	143	0	-0.16242	0.91464	0.91414	0.999577	142	0	-0.16242
L281L	6	0.78223	0.78266	0.999995	144	0	0.060252	0.31906	0.37327	0.999577	51	1	0.060252
p.W403C	15	0.78567	0.78726	0.999995	145	1	0.41969	0.019969	0.06976	0.880722	16	4	0.41969
Q163Q	6	0.79436	0.79457	0.999995	146	0	-0.32155	0.88113	0.88215	0.999577	124	0	-0.32155
p.M161I	15	0.79503	0.79604	0.999995	147	1	0.26892	0.40135	0.58226	0.999577	54	2	0.26892
p.G524C	15	0.80619	0.80693	0.999995	148	0	-0.34869	0.90717	0.90812	0.999577	137	0	-0.34869
p.P278S	15	0.80836	0.8091	0.999995	149	0	0.060438	0.11384	0.26242	0.999577	29	4	0.060438
p.R240L	13	0.81036	0.81129	0.999995	150	0	0.14125	0.93623	0.93648	0.999577	147	0	0.14125
safe-target-11	3	0.8183	0.81773	0.999995	151	0	0.085975	0.68778	0.68783	0.999577	93	0	0.085975
R601R	6	0.81986	0.82019	0.999995	152	0	0.24051	0.52829	0.53274	0.999577	73	1	0.24051
G186G	6	0.82557	0.82624	0.999995	153	0	0.22271	0.79165	0.79187	0.999577	107	0	0.22271
safe-target-3	3	0.82843	0.82799	0.999995	154	0	0.0438	0.78189	0.78064	0.999577	105	0	0.0438
p.W252C	15	0.83451	0.83467	0.999995	155	0	-0.012246	0.55585	0.6927	0.999577	75	2	-0.012246
H274H	6	0.83654	0.83709	0.999995	156	0	0.33476	0.12386	0.20399	0.999577	31	1	0.33476
p.L281M	15	0.84005	0.84033	0.999995	157	0	0.15499	0.069504	0.18207	0.999577	24	3	0.15499
G603G	6	0.84609	0.84668	0.999995	158	0	0.33292	0.46951	0.48381	0.999577	65	1	0.33292
p.S224F	15	0.84891	0.8496	0.999995	159	0	0.32864	0.31615	0.51431	0.999577	50	3	0.32864
safe-target-6	3	0.84984	0.85001	0.999995	160	0	0.22986	0.67843	0.67795	0.999577	89	0	0.22986
p.E192K	15	0.85062	0.85127	0.999995	161	0	-0.01518	0.87426	0.87613	0.999577	121	1	-0.01518
V568V	6	0.85109	0.85153	0.999995	162	0	0.031564	0.65028	0.65092	0.999577	85	0	0.031564
G480G	6	0.85516	0.85565	0.999995	163	0	-0.057599	0.7623	0.76307	0.999577	103	0	-0.057599
p.G558R	15	0.8668	0.86737	0.999995	164	0	-0.058341	0.27981	0.47338	0.999577	45	3	-0.058341
safe-target-21	3	0.86782	0.86773	0.999995	165	0	0.062632	0.47147	0.47091	0.999577	66	0	0.062632
C297C	6	0.87768	0.87907	0.999995	166	0	0.26305	0.47659	0.4893	0.999577	67	1	0.26305
p.C171F	15	0.88406	0.88453	0.999995	167	0	-0.27518	0.14938	0.32103	0.999577	37	2	-0.27518
p.R272C	15	0.89682	0.89732	0.999995	168	0	0.36065	0.051093	0.14775	0.999577	23	4	0.36065
p.V155F	15	0.89802	0.8985	0.999995	169	0	0.037059	0.99266	0.99294	0.999577	188	0	0.037059
safe-target-44	3	0.90576	0.90551	0.999995	170	0	0.15804	0.46487	0.46395	0.999577	64	0	0.15804
p.G462V	15	0.9104	0.91135	0.999995	171	0	0.069477	0.68151	0.77322	0.999577	91	1	0.069477
p.R415H	15	0.91249	0.91323	0.999995	172	0	0.42689	0.079384	0.20096	0.999577	26	3	0.42689
p.G603V	15	0.91454	0.9154	0.999995	173	0	0.053505	0.4514	0.6161	0.999577	63	2	0.053505
p.Y572C	15	0.91654	0.91767	0.999995	174	0	0.011339	0.89313	0.89405	0.999577	134	0	0.011339
A184A	6	0.92108	0.92147	0.999995	175	0	0.13647	0.84524	0.84558	0.999577	118	0	0.13647
p.C297F	15	0.92229	0.92326	0.999995	176	0	0.080004	0.40875	0.58739	0.999577	57	2	0.080004
p.R601L	15	0.92767	0.92892	0.999995	177	0	0.13851	0.90933	0.91027	0.999577	139	0	0.13851
safe-target-2	3	0.92965	0.92909	0.999995	178	0	0.2533	0.50619	0.50463	0.999577	72	0	0.2533
N414N	6	0.9333	0.93337	0.999995	179	0	0.13852	0.17997	0.27598	0.999577	39	2	0.13852
p.G480W	15	0.93351	0.93421	0.999995	180	0	0.061394	0.9459	0.94627	0.999577	153	0	0.061394
p.R413L	15	0.94457	0.94504	0.999995	181	0	0.20698	0.13046	0.29188	0.999577	32	4	0.20698
p.S102L	15	0.95502	0.95576	0.999995	182	0	0.048281	0.026494	0.086992	0.999577	17	3	0.048281
p.Gly31Glu	15	0.95557	0.95632	0.999995	183	0	-0.050993	0.93189	0.93271	0.999577	146	0	-0.050993
P278P	6	0.95985	0.9609	0.999995	184	0	0.31947	0.55863	0.56013	0.999577	76	1	0.31947
p.W450L	15	0.96173	0.9622	0.999995	185	0	-0.22903	0.97871	0.97905	0.999577	172	0	-0.22903
p.R536C	9	0.96761	0.96734	0.999995	186	0	0.21277	0.26813	0.39188	0.999577	43	2	0.21277
p.S508R	15	0.96831	0.96875	0.999995	187	0	0.17377	0.19819	0.37856	0.999577	40	3	0.17377
safe-target-43	3	0.96858	0.9681	0.999995	188	0	0.33389	0.42548	0.42415	0.999577	61	0	0.33389
p.Arg34Gly	15	0.97844	0.97868	0.999995	189	0	0.17004	0.29613	0.49193	0.999577	46	1	0.17004
R536R	6	0.98475	0.98523	0.999995	190	0	0.35948	0.40996	0.43756	0.999577	58	1	0.35948
p.R413C	15	0.98566	0.98596	0.999995	191	0	0.36918	0.0069867	0.029837	0.481819	11	6	0.36918
p.M550K	15	0.98604	0.98633	0.999995	192	0	0.22968	0.57008	0.70352	0.999577	78	2	0.22968
safe-target-25	3	0.98767	0.98757	0.999995	193	0	0.56856	0.21657	0.22591	0.999577	41	1	0.56856
safe-target-42	3	0.98798	0.98782	0.999995	194	0	0.50546	0.017005	0.03175	0.481819	15	1	0.50546
p.N414I	15	0.99045	0.9908	0.999995	195	0	0.35156	0.33662	0.53674	0.999577	53	3	0.35156
p.L237V	15	0.99132	0.99161	0.999995	196	0	0.19204	0.31323	0.51123	0.999577	49	3	0.19204
p.G186C	15	0.99296	0.99313	0.999995	197	0	0.31766	0.60955	0.73623	0.999577	81	2	0.31766
p.Glu79Gln	15	0.99833	0.99852	0.999995	198	0	0.49952	0.13227	0.29518	0.999577	35	4	0.49952
p.A184G	15	0.99923	0.99941	0.999995	199	0	0.68162	0.00061548	0.0035809	0.082383	8	7	0.68162
safe-target-26	3	0.99992	0.9999	0.999995	200	0	1.3341	8.478e-05	0.0003038	0.015342	4	3	1.3341
safe-target-10	3	1.0	1.0	0.999995	201	0	1.786	3.9154e-06	4.9804e-06	0.000503	2	3	1.786
safe-target-15	3	1.0	1.0	0.999995	202	0	2.3557	3.4925e-07	4.9804e-06	0.000503	1	3	2.3557
