id	num	neg|score	neg|p-value	neg|fdr	neg|rank	neg|goodsgrna	neg|lfc	pos|score	pos|p-value	pos|fdr	pos|rank	pos|goodsgrna	pos|lfc
V369V	2	0.00017105	0.00022433	0.04509	1	2	-1.9072	0.99983	0.99988	0.999875	201	0	-1.9072
safe-target-24	1	0.0030181	0.0027069	0.272044	2	1	-1.6885	0.99698	0.99704	0.999875	200	0	-1.6885
S45S	2	0.0032883	0.006366	0.42652	3	2	-0.73304	0.99671	0.99691	0.999875	199	0	-0.73304
safe-target-9	1	0.0090543	0.0085494	0.429609	4	1	-1.3702	0.99095	0.991	0.999875	198	0	-1.3702
non-target-5	1	0.017103	0.017293	0.570328	5	1	-1.1051	0.9829	0.98291	0.999875	197	0	-1.1051
p.G364C	5	0.017147	0.031152	0.570328	6	2	-0.18511	0.19838	0.20795	0.999875	22	1	-0.18511
C171C	2	0.02201	0.023834	0.570328	7	1	-0.56903	0.89957	0.89922	0.999875	169	0	-0.56903
p.G333C	5	0.023726	0.042538	0.570328	8	2	-0.27724	0.97401	0.97378	0.999875	195	0	-0.27724
p.G378C	5	0.024899	0.044532	0.570328	9	1	0.70133	0.0091338	0.018978	0.519817	7	2	0.70133
safe-target-13	1	0.027163	0.027214	0.570328	10	1	-0.84132	0.97284	0.97306	0.999875	193	0	-0.84132
non-target-24	1	0.031187	0.031281	0.570328	11	1	-0.79346	0.96881	0.96926	0.999875	191	0	-0.79346
non-target-2	1	0.035211	0.03515	0.570328	12	1	-0.7837	0.96479	0.96534	0.999875	190	0	-0.7837
G378G	2	0.037864	0.039337	0.570328	13	1	-0.70945	0.97311	0.9727	0.999875	194	0	-0.70945
non-target-10	1	0.039235	0.039218	0.570328	14	1	-0.73392	0.96076	0.96121	0.999875	189	0	-0.73392
non-target-28	1	0.041247	0.041092	0.570328	15	1	-0.72645	0.95875	0.95918	0.999875	187	0	-0.72645
non-target-22	1	0.045272	0.045399	0.570328	16	1	-0.71671	0.95473	0.9551	0.999875	186	0	-0.71671
safe-target-29	1	0.049296	0.049617	0.586644	17	1	-0.6952	0.9507	0.95113	0.999875	185	0	-0.6952
H210H	2	0.057499	0.058211	0.593788	18	1	-0.067474	0.22156	0.22218	0.999875	26	0	-0.067474
non-target-13	1	0.059356	0.059756	0.593788	19	0	-0.62469	0.94064	0.94093	0.999875	184	0	-0.62469
non-target-36	1	0.06338	0.063774	0.593788	20	0	-0.61426	0.93662	0.93686	0.999875	183	0	-0.61426
non-target-32	1	0.065392	0.065848	0.593788	21	0	-0.6078	0.93461	0.93492	0.999875	182	0	-0.6078
safe-target-4	1	0.067404	0.067673	0.593788	22	0	-0.60239	0.9326	0.93309	0.999875	181	0	-0.60239
non-target-21	1	0.069416	0.069766	0.593788	23	0	-0.59933	0.93058	0.93093	0.999875	180	0	-0.59933
safe-target-30	1	0.071429	0.07192	0.593788	24	0	-0.99989	0.92857	0.92898	0.999875	179	0	-0.99989
p.A510V	5	0.07321	0.08873	0.601637	25	1	0.12241	0.29455	0.29745	0.999875	38	1	0.12241
non-target-31	1	0.073441	0.073854	0.593788	26	0	-0.5925	0.92656	0.92709	0.999875	177	0	-0.5925
non-target-35	1	0.077465	0.078032	0.595227	27	0	-0.58854	0.92254	0.92303	0.999875	175	0	-0.58854
non-target-17	1	0.079477	0.079956	0.595227	28	0	-0.58796	0.92052	0.92109	0.999875	174	0	-0.58796
non-target-1	1	0.087525	0.087753	0.601637	29	0	-0.57488	0.91247	0.91313	0.999875	173	0	-0.57488
non-target-8	1	0.089537	0.089797	0.601637	30	0	-0.56997	0.91046	0.91107	0.999875	172	0	-0.56997
non-target-27	1	0.093561	0.093934	0.604187	31	0	-0.55999	0.90644	0.90735	0.999875	171	0	-0.55999
non-target-37	1	0.097586	0.097992	0.604187	32	0	-0.55324	0.90241	0.90338	0.999875	170	0	-0.55324
p.G332C	5	0.10126	0.11226	0.604187	33	1	-0.36054	0.22335	0.23095	0.999875	27	1	-0.36054
safe-target-49	1	0.10563	0.10628	0.604187	34	0	-0.52202	0.89437	0.89551	0.999875	167	0	-0.52202
non-target-30	1	0.10966	0.11049	0.604187	35	0	-0.51724	0.89034	0.89131	0.999875	166	0	-0.51724
p.H311R	5	0.11046	0.12035	0.604187	36	1	-0.39498	0.97234	0.97204	0.999875	192	0	-0.39498
non-target-23	1	0.11167	0.11236	0.604187	37	0	-0.51349	0.88833	0.88934	0.999875	165	0	-0.51349
safe-target-27	1	0.11771	0.11829	0.604187	38	0	-0.50942	0.88229	0.88318	0.999875	164	0	-0.50942
non-target-12	1	0.11972	0.12031	0.604187	39	0	-0.50403	0.88028	0.88106	0.999875	163	0	-0.50403
non-target-16	1	0.12173	0.12226	0.604187	40	0	-0.5013	0.87827	0.87905	0.999875	162	0	-0.5013
non-target-26	1	0.12374	0.12445	0.604187	41	0	-0.49789	0.87626	0.87695	0.999875	160	0	-0.49789
non-target-40	1	0.12575	0.1264	0.604187	42	0	-0.49726	0.87425	0.87499	0.999875	158	0	-0.49726
non-target-20	1	0.13179	0.13222	0.604187	43	0	-0.47925	0.86821	0.86915	0.999875	157	0	-0.47925
non-target-38	1	0.1338	0.13433	0.604187	44	0	-0.47621	0.8662	0.86718	0.999875	156	0	-0.47621
non-target-14	1	0.13581	0.1363	0.604187	45	0	-0.47201	0.86419	0.8654	0.999875	154	0	-0.47201
safe-target-50	1	0.13783	0.13827	0.604187	46	0	-0.46515	0.86217	0.86325	0.999875	152	0	-0.46515
non-target-39	1	0.15594	0.15531	0.649202	47	0	-0.45083	0.84406	0.84485	0.999875	150	0	-0.45083
non-target-25	1	0.15996	0.1595	0.649202	48	0	-0.44835	0.84004	0.84098	0.999875	148	0	-0.44835
S508S	2	0.16003	0.16133	0.649202	49	0	-0.30953	0.82737	0.82697	0.999875	143	0	-0.30953
non-target-6	1	0.16197	0.16154	0.649202	50	0	-0.44266	0.83803	0.83909	0.999875	146	0	-0.44266
non-target-15	1	0.166	0.16576	0.649202	51	0	-0.4412	0.834	0.83476	0.999875	145	0	-0.4412
non-target-29	1	0.16801	0.16795	0.649202	52	0	-0.44194	0.83199	0.83288	0.999875	144	0	-0.44194
p.V369L	5	0.17277	0.17529	0.652843	53	1	0.012449	0.011548	0.022976	0.519817	8	2	0.012449
E192E	2	0.17472	0.17539	0.652843	54	0	-0.25373	0.756	0.75524	0.999875	131	0	-0.25373
R362R	2	0.18201	0.18279	0.653052	55	0	0.26984	0.20011	0.20094	0.999875	23	0	0.26984
non-target-9	1	0.18612	0.18546	0.653052	56	0	-0.38988	0.81388	0.81524	0.999875	142	0	-0.38988
R240R	2	0.18928	0.19013	0.653052	57	0	-0.47553	0.97813	0.97805	0.999875	196	0	-0.47553
non-target-33	1	0.19014	0.18954	0.653052	58	0	-0.39346	0.80986	0.81139	0.999875	141	0	-0.39346
non-target-19	1	0.19215	0.19169	0.653052	59	0	-0.39168	0.80785	0.80961	0.999875	140	0	-0.39168
p.P361L	5	0.21509	0.21638	0.724866	60	1	-0.10956	0.31709	0.31937	0.999875	42	1	-0.10956
I416I	1	0.22233	0.22194	0.731315	61	0	-0.30818	0.77767	0.77966	0.999875	136	0	-0.30818
non-target-7	1	0.23038	0.23017	0.740863	62	0	-0.33336	0.76962	0.77137	0.999875	135	0	-0.33336
safe-target-39	1	0.23239	0.23221	0.740863	63	0	-0.3347	0.76761	0.76937	0.999875	134	0	-0.3347
p.G480R	5	0.23965	0.23988	0.743071	64	1	0.0015895	0.72644	0.72653	0.999875	118	0	0.0015895
safe-target-46	1	0.24044	0.2403	0.743071	65	0	-0.31255	0.75956	0.76126	0.999875	133	0	-0.31255
non-target-11	1	0.24648	0.2464	0.743801	66	0	-0.30753	0.75352	0.7552	0.999875	130	0	-0.30753
p.R260L	5	0.24769	0.24793	0.743801	67	1	0.33345	0.54542	0.54685	0.999875	82	0	0.33345
safe-target-37	1	0.25654	0.25664	0.758591	68	0	-0.30162	0.74346	0.74517	0.999875	126	0	-0.30162
safe-target-40	1	0.26459	0.26525	0.760869	69	0	-0.28525	0.73541	0.73681	0.999875	121	0	-0.28525
G524G	2	0.27047	0.27011	0.760869	70	0	-0.1678	0.65363	0.65255	0.999875	102	0	-0.1678
safe-target-48	1	0.27062	0.27126	0.760869	71	0	-0.27442	0.72938	0.73096	0.999875	119	0	-0.27442
p.Glu82Asp	5	0.27142	0.27255	0.760869	72	0	-0.10002	0.75707	0.75692	0.999875	132	0	-0.10002
S102S	2	0.28075	0.28079	0.769365	73	0	-0.19677	0.74189	0.74046	0.999875	125	0	-0.19677
non-target-34	1	0.28471	0.28477	0.769365	74	0	-0.25996	0.71529	0.71651	0.999875	116	0	-0.25996
non-target-41	1	0.28672	0.28708	0.769365	75	0	-0.25114	0.71328	0.71434	0.999875	115	0	-0.25114
safe-target-38	1	0.30684	0.30719	0.779185	76	0	-0.23894	0.69316	0.69424	0.999875	113	0	-0.23894
non-target-18	1	0.31288	0.3132	0.779185	77	0	-0.23084	0.68712	0.68846	0.999875	109	0	-0.23084
H311H	2	0.3178	0.31674	0.779185	78	0	-0.26665	0.86069	0.86013	0.999875	151	0	-0.26665
safe-target-5	1	0.31891	0.31923	0.779185	79	0	-0.21161	0.68109	0.68269	0.999875	108	0	-0.21161
p.R234W	5	0.32447	0.32667	0.779185	80	0	-0.13176	0.68887	0.68954	0.999875	110	0	-0.13176
G332G	2	0.32773	0.32679	0.779185	81	0	-0.24545	0.86219	0.86169	0.999875	153	0	-0.24545
safe-target-33	1	0.32897	0.32912	0.779185	82	0	-0.20645	0.67103	0.67331	0.999875	107	0	-0.20645
L237L	2	0.33103	0.32994	0.779185	83	0	0.075031	0.31447	0.31354	0.999875	41	0	0.075031
S224S	2	0.33431	0.33314	0.779185	84	0	-0.056438	0.50831	0.50647	0.999875	78	0	-0.056438
safe-target-45	1	0.33903	0.33941	0.779185	85	0	-0.19325	0.66097	0.66346	0.999875	105	0	-0.19325
safe-target-12	1	0.34306	0.3439	0.779185	86	0	-0.13728	0.65694	0.65985	0.999875	104	0	-0.13728
p.I416F	5	0.34623	0.34905	0.779185	87	0	-0.40165	0.70437	0.70486	0.999875	114	0	-0.40165
safe-target-18	1	0.34708	0.34761	0.779185	88	0	-0.18595	0.65292	0.65573	0.999875	101	0	-0.18595
safe-target-16	1	0.34909	0.34951	0.779185	89	0	-0.18554	0.65091	0.65376	0.999875	100	0	-0.18554
safe-target-36	1	0.35714	0.35748	0.779185	90	0	-0.1687	0.64286	0.64534	0.999875	98	0	-0.1687
p.R71L	5	0.36043	0.36314	0.779185	91	0	-0.020763	0.89527	0.89478	0.999875	168	0	-0.020763
safe-target-14	1	0.36318	0.36344	0.779185	92	0	-0.16679	0.63682	0.63921	0.999875	96	0	-0.16679
Q163Q	2	0.36354	0.36227	0.779185	93	0	-0.11193	0.6677	0.66627	0.999875	106	0	-0.11193
safe-target-17	1	0.36519	0.36542	0.779185	94	0	-0.17027	0.63481	0.63731	0.999875	95	0	-0.17027
R71R	2	0.36994	0.36853	0.779185	95	0	-0.22706	0.84048	0.83949	0.999875	149	0	-0.22706
P361P	2	0.37631	0.37509	0.779185	96	0	0.25157	0.2037	0.2045	0.999875	25	0	0.25157
R272R	2	0.38265	0.38111	0.779185	97	0	0.058977	0.3921	0.39004	0.999875	60	0	0.058977
p.R240L	4	0.3829	0.38091	0.779185	98	0	0.20486	0.63803	0.63658	0.999875	97	0	0.20486
safe-target-19	1	0.3833	0.38378	0.779185	99	0	-0.14995	0.6167	0.61859	0.999875	94	0	-0.14995
safe-target-1	1	0.38934	0.3899	0.783697	100	0	-0.1368	0.61066	0.61234	0.999875	92	0	-0.1368
safe-target-23	1	0.39537	0.3958	0.78739	101	0	-0.13359	0.60463	0.6065	0.999875	90	0	-0.13359
N238N	2	0.40148	0.39974	0.78739	102	0	0.0031909	0.44727	0.44571	0.999875	66	0	0.0031909
safe-target-32	1	0.40342	0.40349	0.78739	103	0	-0.13202	0.59658	0.59787	0.999875	89	0	-0.13202
safe-target-7	1	0.41348	0.41384	0.787789	104	0	-0.10922	0.58652	0.58771	0.999875	88	0	-0.10922
p.R320L	5	0.41477	0.41706	0.787789	105	0	0.51864	0.40819	0.41063	0.999875	61	0	0.51864
safe-target-41	1	0.41952	0.41996	0.787789	106	0	-0.091132	0.58048	0.58157	0.999875	87	0	-0.091132
V465V	2	0.42001	0.41903	0.787789	107	0	-0.045662	0.60464	0.60291	0.999875	91	0	-0.045662
p.R71W	5	0.4213	0.42329	0.787789	108	0	-0.16415	0.9257	0.92609	0.999875	176	0	-0.16415
safe-target-11	1	0.43159	0.43162	0.795931	109	0	-0.053073	0.56841	0.56946	0.999875	85	0	-0.053073
safe-target-35	1	0.44567	0.44563	0.814292	110	0	-0.058781	0.55433	0.55497	0.999875	83	0	-0.058781
Y572Y	2	0.45323	0.45175	0.818041	111	0	0.16294	0.2251	0.22558	0.999875	28	0	0.16294
G364G	2	0.46212	0.46065	0.826698	112	0	0.28067	0.15264	0.15371	0.999875	17	0	0.28067
safe-target-34	1	0.46982	0.46956	0.831373	113	0	0.018747	0.53018	0.53016	0.999875	81	0	0.018747
non-target-4	1	0.47183	0.47153	0.831373	114	0	0.018607	0.52817	0.52805	0.999875	80	0	0.018607
G462G	2	0.47969	0.47809	0.83561	115	0	-0.064103	0.69049	0.6886	0.999875	111	0	-0.064103
safe-target-8	1	0.4839	0.48387	0.838427	116	0	0.027289	0.5161	0.51585	0.999875	79	0	0.027289
safe-target-22	1	0.49195	0.49178	0.840984	117	0	0.036209	0.50805	0.50803	0.999875	77	0	0.036209
p.W403C	5	0.49515	0.4969	0.840984	118	0	0.34071	0.17277	0.18603	0.999875	19	1	0.34071
safe-target-3	1	0.49799	0.4979	0.840984	119	0	0.0438	0.50201	0.50216	0.999875	76	0	0.0438
p.G430C	5	0.50094	0.50271	0.842042	120	0	0.093787	0.75052	0.75045	0.999875	129	0	0.093787
V155V	2	0.51394	0.5125	0.851347	121	0	-0.077119	0.75	0.74908	0.999875	128	0	-0.077119
p.E192K	5	0.53461	0.53588	0.870613	122	0	-0.25195	0.86598	0.86564	0.999875	155	0	-0.25195
safe-target-31	1	0.53823	0.53807	0.870613	123	0	0.090359	0.46177	0.46172	0.999875	68	0	0.090359
p.G524C	5	0.54004	0.54143	0.870613	124	0	-0.31108	0.64728	0.64796	0.999875	99	0	-0.31108
H274H	2	0.54159	0.54057	0.870613	125	0	0.12435	0.38265	0.38111	0.999875	56	0	0.12435
safe-target-47	1	0.56036	0.56124	0.891431	126	0	0.10466	0.43964	0.43977	0.999875	65	0	0.10466
V568V	2	0.56578	0.56526	0.891431	127	0	0.15663	0.32773	0.32679	0.999875	47	0	0.15663
p.M161I	5	0.56644	0.56768	0.891431	128	0	0.26892	0.23965	0.2449	0.999875	29	1	0.26892
p.W252C	5	0.57665	0.57798	0.900569	129	0	-0.024842	0.95967	0.95996	0.999875	188	0	-0.024842
G333G	2	0.59189	0.59055	0.91308	130	0	-0.061604	0.80316	0.80232	0.999875	138	0	-0.061604
L281L	2	0.59957	0.59809	0.917675	131	0	0.090359	0.48548	0.48358	0.999875	72	0	0.090359
safe-target-44	1	0.61066	0.61234	0.924603	132	0	0.14004	0.38934	0.3899	0.999875	59	0	0.14004
p.R413L	5	0.61089	0.61174	0.924603	133	0	0.53205	0.07321	0.10681	0.999875	13	1	0.53205
safe-target-21	1	0.61469	0.6164	0.924603	134	0	0.1466	0.38531	0.38583	0.999875	57	0	0.1466
G480G	2	0.62463	0.62295	0.927507	135	0	0.09052	0.47094	0.46943	0.999875	70	0	0.09052
G558G	2	0.64649	0.64555	0.954092	136	0	0.1298	0.42307	0.422	0.999875	62	0	0.1298
safe-target-28	1	0.64889	0.65184	0.955472	137	0	0.19399	0.35111	0.35181	0.999875	50	0	0.19399
safe-target-20	1	0.65493	0.65783	0.955472	138	0	0.17799	0.34507	0.34585	0.999875	49	0	0.17799
p.Y572C	5	0.66019	0.66075	0.955472	139	0	-0.023866	0.48339	0.48576	0.999875	71	0	-0.023866
p.V465L	5	0.66859	0.66878	0.959202	140	0	0.12335	0.32447	0.32672	0.999875	46	1	0.12335
p.L281M	5	0.67273	0.67287	0.959202	141	0	0.063337	0.082638	0.11416	0.999875	14	1	0.063337
G430G	2	0.68825	0.68623	0.959823	142	0	0.14465	0.48836	0.48661	0.999875	73	0	0.14465
p.P278L	5	0.68887	0.68954	0.959823	143	0	-0.054203	0.73698	0.7372	0.999875	123	0	-0.054203
safe-target-6	1	0.69718	0.69812	0.959823	144	0	0.22986	0.30282	0.30327	0.999875	40	0	0.22986
R234R	2	0.70158	0.69998	0.959823	145	0	0.16412	0.43825	0.43698	0.999875	64	0	0.16412
p.G558R	5	0.70437	0.70486	0.959823	146	0	0.1773	0.18138	0.19313	0.999875	20	1	0.1773
p.Q163L	5	0.70814	0.70884	0.959823	147	0	0.15105	0.74382	0.74405	0.999875	127	0	0.15105
p.G462V	5	0.71188	0.7125	0.959823	148	0	0.17066	0.6928	0.69328	0.999875	112	0	0.17066
safe-target-2	1	0.71328	0.71434	0.959823	149	0	0.2711	0.28672	0.28708	0.999875	37	0	0.2711
p.W450L	5	0.71924	0.71939	0.959823	150	0	-0.082168	0.71558	0.71604	0.999875	117	0	-0.082168
safe-target-43	1	0.72334	0.72496	0.959823	151	0	0.28219	0.27666	0.27742	0.999875	36	0	0.28219
p.C171F	5	0.72644	0.72653	0.959823	152	0	-0.24196	0.11959	0.14239	0.999875	16	1	-0.24196
N414N	2	0.73572	0.73438	0.959823	153	0	0.29428	0.25318	0.2529	0.999875	32	0	0.29428
p.S45F	5	0.73698	0.7372	0.959823	154	0	-0.14663	0.83998	0.83988	0.999875	147	0	-0.14663
p.N238K	5	0.74042	0.74068	0.959823	155	0	0.070228	0.30213	0.30495	0.999875	39	1	0.070228
A184A	2	0.74596	0.74494	0.959823	156	0	0.053998	0.73572	0.73438	0.999875	122	0	0.053998
G603G	2	0.75201	0.75115	0.961662	157	0	0.058381	0.72947	0.72819	0.999875	120	0	0.058381
p.P278S	5	0.76665	0.76671	0.974572	158	0	0.060438	0.26358	0.26707	0.999875	34	1	0.060438
G186G	2	0.77164	0.77093	0.974572	159	0	0.24225	0.38896	0.38741	0.999875	58	0	0.24225
R601R	2	0.77927	0.77835	0.976356	160	0	0.30827	0.26012	0.25947	0.999875	33	0	0.30827
p.Y300C	5	0.78193	0.78206	0.976356	161	0	0.21634	0.45923	0.46139	0.999875	67	0	0.21634
A510A	2	0.79047	0.78938	0.979422	162	0	0.31051	0.32443	0.32356	0.999875	45	0	0.31051
safe-target-42	1	0.79779	0.79989	0.982654	163	0	0.42406	0.20221	0.20188	0.999875	24	0	0.42406
p.R601L	5	0.80198	0.80177	0.982654	164	0	0.2418	0.4893	0.49127	0.999875	74	0	0.2418
p.V155F	5	0.82052	0.82078	0.998364	165	0	-0.0081762	0.92818	0.92845	0.999875	178	0	-0.0081762
p.R536C	3	0.82404	0.82452	0.998364	166	0	0.15772	0.38128	0.37999	0.999875	55	0	0.15772
p.G603V	5	0.84457	0.84457	0.999845	167	0	0.027713	0.49515	0.4969	0.999875	75	0	0.027713
R415R	2	0.84527	0.84429	0.999845	168	0	0.23011	0.46212	0.46065	0.999875	69	0	0.23011
p.S102L	5	0.84906	0.84885	0.999845	169	0	0.14733	0.044459	0.078072	0.999875	12	1	0.14733
P278P	2	0.84998	0.84906	0.999845	170	0	0.17211	0.6122	0.6104	0.999875	93	0	0.17211
R536R	2	0.85308	0.85186	0.999845	171	0	0.42613	0.19289	0.1936	0.999875	21	0	0.42613
p.W252L	5	0.86598	0.86564	0.999845	172	0	0.11112	0.87576	0.87578	0.999875	159	0	0.11112
p.L237V	5	0.87192	0.8717	0.999845	173	0	0.16914	0.80743	0.80745	0.999875	139	0	0.16914
p.C297F	5	0.88496	0.88457	0.999845	174	0	0.23649	0.65593	0.65657	0.999875	103	0	0.23649
p.Gly31Glu	5	0.88673	0.88652	0.999845	175	0	0.10256	0.57157	0.57274	0.999875	86	0	0.10256
p.S508R	5	0.88848	0.88809	0.999845	176	0	0.025934	0.24769	0.25228	0.999875	31	1	0.025934
safe-target-25	1	0.90241	0.90338	0.999845	177	0	0.63677	0.097586	0.097992	0.999875	15	0	0.63677
p.S224F	5	0.90785	0.90749	0.999845	178	0	0.31347	0.27142	0.27466	0.999875	35	1	0.31347
p.G186C	5	0.91224	0.91233	0.999845	179	0	0.18902	0.56126	0.56283	0.999875	84	0	0.18902
C297C	2	0.91311	0.91294	0.999845	180	0	0.31206	0.42917	0.42802	0.999875	63	0	0.31206
p.H274R	5	0.91784	0.91835	0.999845	181	0	0.2483	0.037439	0.066486	0.999875	11	2	0.2483
p.G480W	5	0.92053	0.9209	0.999845	182	0	0.066145	0.74042	0.74068	0.999875	124	0	0.066145
R413R	2	0.92785	0.92791	0.999845	183	0	0.4401	0.24621	0.24595	0.999875	30	0	0.4401
R320R	2	0.93105	0.93113	0.999845	184	0	0.40565	0.32112	0.32003	0.999875	44	0	0.40565
p.N414I	5	0.93745	0.93812	0.999845	185	0	0.43721	0.38126	0.38416	0.999875	54	0	0.43721
p.M550K	5	0.94171	0.94212	0.999845	186	0	0.10754	0.87764	0.87781	0.999875	161	0	0.10754
R260R	2	0.95992	0.95914	0.999845	187	0	0.48381	0.3178	0.31674	0.999875	43	0	0.48381
p.R272C	5	0.96548	0.96568	0.999845	188	0	0.45981	0.35336	0.35607	0.999875	51	0	0.45981
Y300Y	2	0.96611	0.96583	0.999845	189	0	0.47725	0.33103	0.32994	0.999875	48	0	0.47725
safe-target-26	1	0.97686	0.97716	0.999845	190	0	1.3496	0.023139	0.023275	0.519817	9	1	1.3496
p.Arg34Gly	5	0.97854	0.97815	0.999845	191	0	0.23142	0.77894	0.77903	0.999875	137	0	0.23142
p.A184G	5	0.98242	0.98219	0.999845	192	0	0.68162	0.0069855	0.015808	0.519817	6	2	0.68162
p.V568F	5	0.98431	0.98423	0.999845	193	0	0.51301	0.15533	0.17171	0.999875	18	1	0.51301
p.R320Q	5	0.98731	0.98722	0.999845	194	0	0.75537	0.003265	0.0087688	0.439078	3	3	0.75537
p.R413C	5	0.99496	0.99515	0.999845	195	0	0.36918	0.029272	0.052608	0.999875	10	2	0.36918
safe-target-10	1	0.99497	0.99513	0.999845	196	0	2.3269	0.0050302	0.0047309	0.316967	5	1	2.3269
p.R415H	5	0.99626	0.9964	0.999845	197	0	0.41626	0.36744	0.37031	0.999875	53	0	0.41626
p.R362Q	5	0.99855	0.99856	0.999845	198	0	0.75403	0.0041251	0.010922	0.439078	4	3	0.75403
safe-target-15	1	0.99899	0.99902	0.999845	199	0	2.7783	0.001006	0.00097209	0.195391	2	1	2.7783
p.H210P	5	0.99964	0.99961	0.999845	200	0	1.001	0.00098358	0.002677	0.269038	1	3	1.001
p.Glu79Gln	5	0.99986	0.99985	0.999845	201	0	0.52175	0.36043	0.36314	0.999875	52	0	0.52175
