sgRNA	Gene	REP1_PreSort	REP2_PreSort	REP3_PreSort	REP1_Q4	REP2_Q4	REP3_Q4
pegRNA_1	p.R601L	76.98865309781664	76.97703064992399	100.82256301396727	122.4794395421725	84.83447196310308	116.18737785398633
pegRNA_2	p.R601L	251.96286468376354	277.1173103397264	336.428973425554	390.3316718119703	391.78101597505787	388.115283469699
pegRNA_3	p.R601L	113.98320069027399	109.69226867614168	130.5386868496629	149.95146336471586	134.96393266857308	122.36755752707072
pegRNA_4	p.R601L	60.99101089567292	71.20375335117969	73.22901945224991	50.365377007996166	76.35102476679278	60.56576079622692
pegRNA_5	p.R601L	122.98187442897984	114.50333309176193	151.76448958944547	100.73075401599233	122.62437311030354	106.29909037705133
pegRNA_6	p.V155F	589.9130562040496	611.0051807837716	514.7257164397276	501.36443476141636	416.46013509159695	552.5080627737435
pegRNA_7	p.V155F	772.8860888910683	780.3546482136044	694.0837495908905	652.4605657854049	694.1002251526616	651.3909375430936
pegRNA_8	p.V155F	112.98334805264001	137.59644228673912	95.51611232902162	124.76877486071777	94.08914163180523	122.36755752707072
pegRNA_9	p.V155F	37.99440023009133	31.753025143093645	45.635475890532554	37.774032755997126	33.933788785241234	51.913509253908785
pegRNA_10	p.V155F	51.99233715696708	54.84613433807084	70.04514904128253	60.66738594144993	56.299240484604766	84.05044355394756
pegRNA_11	p.G333C	48.99277924406513	27.904173610597446	40.32902520558691	24.038020844725445	25.45034158893092	69.21801233854505
pegRNA_12	p.G333C	192.9715590633586	137.59644228673912	174.05158246621718	187.725496120713	143.44737986488337	140.90809654632386
pegRNA_13	p.G333C	51.99233715696708	79.86366929929613	71.10643917827166	27.472023822543363	47.815793288294465	40.78918584235691
pegRNA_14	p.G333C	107.98408486447009	62.54383740306324	105.0677235619238	98.44141869744705	107.19992366246662	129.78377313477196
pegRNA_15	p.G333C	20.99690539031363	26.941960727473397	28.65483369870649	48.07604168945089	17.73811686501246	23.48468275772064
pegRNA_16	p.G186C	202.9700854396984	223.23338888477957	223.93221890470627	273.575570566161	218.25595968689245	254.62340253107644
pegRNA_17	p.G186C	137.97966399348957	119.31439750738218	102.94514328794554	131.63678081635362	141.13371244770784	128.5477372001551
pegRNA_18	p.G186C	276.9591806246131	250.17534961225297	222.87092876771715	390.3316718119703	308.48898895673847	355.97834916966025
pegRNA_19	p.G186C	61.99086353330691	87.56137236428853	85.96450109611946	80.1267361490848	70.95246746004985	111.24323411551883
pegRNA_20	p.G186C	31.995284404287435	36.564089558713896	27.59354356171736	52.65471232654144	33.933788785241234	46.96936551544128
pegRNA_21	p.G364C	1.9997052752679647	0.9622128831240498	1.0612901369891292	4.5786706370905605	0.7712224723918462	1.2360359346168759
pegRNA_22	p.G364C	84.9874741988885	56.77056010431894	83.8419208221412	38.91870041526977	115.68337085877693	50.67747331929191
pegRNA_23	p.G364C	4.999263188169912	11.546554597488598	6.367740821934776	2.2893353185452803	13.110782030661385	0.0
pegRNA_24	p.G364C	17.997347477411683	14.433193246860748	15.919352054836938	65.24605657854049	13.882004503053231	2.4720718692337518
pegRNA_25	p.G364C	9.998526376339823	11.546554597488598	19.103222465804325	25.182688503998083	26.992786533714614	22.248646823103766
pegRNA_26	p.G430C	12.99808428924177	19.244257662480997	31.838704109673877	20.604017866907522	12.339559558269539	25.956754626954393
pegRNA_27	p.G430C	46.99307396879717	66.39268893555943	64.73869835633688	38.91870041526977	73.26613487722538	105.06305444243445
pegRNA_28	p.G430C	0.9998526376339824	2.8866386493721494	1.0612901369891292	1.1446676592726401	1.5424449447836923	9.888287476935007
pegRNA_29	p.G430C	217.96787500420817	146.25635823485558	247.2806019184671	145.3727927276253	219.79840463167616	155.74052776172636
pegRNA_30	p.G430C	149.97789564509736	120.27661039050624	151.76448958944547	129.34744549780834	124.93804052747907	145.85224028479135
pegRNA_31	p.R272C	15.997642202143718	15.395406129984798	16.980642191826067	29.761359141088644	20.051784282188	19.776574953870014
pegRNA_32	p.R272C	28.99572649138549	27.904173610597446	59.43224767139124	42.35270339308769	36.24745620241677	65.50990453469443
pegRNA_33	p.R272C	13.997936926875752	9.622128831240499	23.34838301376084	38.91870041526977	23.907896644147232	16.068467150019387
pegRNA_34	p.R272C	52.99218979460107	48.11064415620249	58.37095753440211	73.25873019344897	109.51359107964215	69.21801233854505
pegRNA_35	p.R272C	86.98717947415646	85.63694659804044	90.20966164407598	82.41607146763009	89.46180679745416	91.46665916164882
pegRNA_36	p.G480W	501.9260240922591	574.4410912250578	466.9676602752169	463.59040200541926	448.8514789320545	469.69365515441285
pegRNA_37	p.G480W	245.96374885795967	303.0970581840757	220.7483484937389	257.550223336344	213.62862485254138	278.1080852887971
pegRNA_38	p.G480W	157.97671674616922	149.14299688422773	140.09029808256506	133.9261161348989	140.362489975316	170.57295897712888
pegRNA_39	p.G480W	237.9649277568878	302.13484530095167	245.15802164448885	270.1415675883431	349.3637799935063	255.8594384656933
pegRNA_40	p.G480W	58.99130562040496	40.412941091210094	41.39031534257604	53.799379985814085	61.697797791347696	50.67747331929191
pegRNA_41	p.R320L	85.98732683652248	88.52358524741258	106.12901369891293	128.2027778385357	127.25170794465461	102.5909825732007
pegRNA_42	p.R320L	46.99307396879717	32.7152380262177	46.69676602752168	62.956721259995206	60.155352846564	61.8017967308438
pegRNA_43	p.R320L	50.9924845193331	32.7152380262177	68.9838589042934	35.48469743745184	85.60569443549493	22.248646823103766
pegRNA_44	p.R320L	123.98172706661381	105.84341714364548	158.13223041138025	196.8828373948941	236.76529902429678	131.01980906938886
pegRNA_45	p.R320L	34.99484231718938	50.99728280557464	57.30966739741298	108.74342763090081	77.89346971157646	65.50990453469443
pegRNA_46	p.R320Q	102.98482167630019	90.44801101366069	117.80320520579335	148.80679570544322	202.0602877666637	84.05044355394756
pegRNA_47	p.R320Q	21.99675802794761	49.07285703932654	19.103222465804325	92.71808040108385	84.06324949071123	58.09368892699317
pegRNA_48	p.R320Q	42.99366341826124	31.753025143093645	38.20644493160865	95.00741571962914	68.63880004287431	61.8017967308438
pegRNA_49	p.R320Q	101.9849690386662	100.07013984490118	144.33545863052157	172.84481655016867	239.07896644147232	139.67206061170697
pegRNA_50	p.R320Q	40.99395814299328	51.959495688698695	53.064506849456464	57.23338296363201	60.155352846564	21.01261088848689
pegRNA_51	p.R362Q	24.99631594084956	18.282044779356948	14.85806191784781	13.736011911271682	30.077676423282	46.96936551544128
pegRNA_52	p.R362Q	5.999115825803894	4.811064415620249	11.67419150688042	12.591344251999042	17.73811686501246	9.888287476935007
pegRNA_53	p.R362Q	32.99513704192142	38.488515324961995	40.32902520558691	59.52271828217729	36.24745620241677	48.20540145005816
pegRNA_54	p.R362Q	12.99808428924177	29.828599376845546	23.34838301376084	40.0633680745424	45.50212587111892	8.652251542318131
pegRNA_55	p.R362Q	7.998821101071859	6.735490181868349	4.245160547956517	20.604017866907522	16.19567192022877	2.4720718692337518
pegRNA_56	p.G462V	56.991600345136995	52.92170857182274	66.86127863031514	80.1267361490848	56.299240484604766	64.27386860007755
pegRNA_57	p.G462V	47.992926606431155	32.7152380262177	64.73869835633688	65.24605657854049	40.874791036767846	67.98197640392817
pegRNA_58	p.G462V	151.97760092036532	160.68955148171634	130.5386868496629	152.24079868326115	135.73515514096493	138.4360246770901
pegRNA_59	p.G462V	97.98555848813027	106.80563002676953	98.69998273998901	67.53539189708577	95.63158657658893	79.10629981548006
pegRNA_60	p.G462V	29.99557912901947	10.584341714364548	18.041932328815196	24.038020844725445	23.136674171755384	28.428826496188144
pegRNA_61	p.C297F	67.9899793591108	107.76784290989359	78.53547013719556	62.956721259995206	94.08914163180523	92.70269509626569
pegRNA_62	p.C297F	25.99616857848354	24.055322078101245	29.71612383569562	24.038020844725445	20.051784282188	34.609006169272526
pegRNA_63	p.C297F	26.996021216117523	26.941960727473397	15.919352054836938	37.774032755997126	28.535231478498307	39.55314990774003
pegRNA_64	p.C297F	52.99218979460107	57.73277298744299	47.75805616451081	98.44141869744705	73.26613487722538	63.03783266546067
pegRNA_65	p.C297F	470.9305923256057	467.6354611982882	458.47733917930384	327.3749505519751	430.3421395946502	449.91708020054284
pegRNA_66	p.G332C	34.99484231718938	40.412941091210094	59.43224767139124	28.616691481816005	10.797114613485846	50.67747331929191
pegRNA_67	p.G332C	186.9724432375547	229.00666618352386	227.11608931567366	264.41822929197986	241.39263385864786	182.93331832329764
pegRNA_68	p.G332C	242.9641909450577	209.76240852104286	197.39996547997802	172.84481655016867	128.79415288943832	163.15674336942763
pegRNA_69	p.G332C	65.99027408384283	41.37515397433415	72.16772931526079	37.774032755997126	30.077676423282	30.9008983654219
pegRNA_70	p.G332C	14.997789564509736	24.055322078101245	19.103222465804325	38.91870041526977	61.697797791347696	32.136934300038774
pegRNA_71	p.P278S	10.998379013973805	10.584341714364548	11.67419150688042	19.459350207634884	20.823006754579847	29.664862430805023
pegRNA_72	p.P278S	10.998379013973805	5.773277298744299	3.183870410967388	8.012673614908481	3.856112361959231	6.180179673084379
pegRNA_73	p.P278S	42.99366341826124	27.904173610597446	30.777413972684748	29.761359141088644	40.874791036767846	32.136934300038774
pegRNA_74	p.P278S	42.99366341826124	61.58162451993919	60.49353780838037	50.365377007996166	43.18845845394338	58.09368892699317
pegRNA_75	p.P278S	341.949602070822	309.83254836594404	373.57412822017346	376.5956599006986	286.89475972976675	247.2071869233752
pegRNA_76	p.R413C	216.96802236657416	186.66929932606567	227.11608931567366	262.1288939734346	204.37395518383923	262.0396181387777
pegRNA_77	p.R413C	142.9789271816595	158.76512571546823	219.68705835674976	236.9462054694365	182.00850348447568	171.80899491174574
pegRNA_78	p.R413C	32.99513704192142	20.206470545605047	30.777413972684748	57.23338296363201	66.32513262569877	43.26125771159066
pegRNA_79	p.R413C	192.9715590633586	153.95406129984798	244.09673150749973	249.53754972143554	321.59977098739984	207.65403701563514
pegRNA_80	p.R413C	71.98938990964673	72.16596623430374	114.61933479482596	143.08345740908	146.53226975445077	117.42341378860321
pegRNA_81	p.R413L	179.97347477411682	188.59372509231378	205.89028657589108	209.47418164689316	212.85740238014955	233.61079164258953
pegRNA_82	p.R413L	220.9674329171101	160.68955148171634	174.05158246621718	188.87016377998563	114.91214838638508	129.78377313477196
pegRNA_83	p.R413L	27.995873853751505	13.470980363736698	14.85806191784781	46.93137403017825	50.12946070547	17.304503084636263
pegRNA_84	p.R413L	63.99056880857487	87.56137236428853	112.4967545208477	127.05811017926305	138.04882255814047	110.00719818090195
pegRNA_85	p.R413L	99.98526376339824	107.76784290989359	116.74191506880422	170.5554812316234	156.55816189554477	106.29909037705133
pegRNA_86	p.L237V	108.98393750210408	66.39268893555943	95.51611232902162	122.4794395421725	105.65747871768292	98.88287476935007
pegRNA_87	p.L237V	57.99145298277098	52.92170857182274	79.59676027418469	66.39072423781313	97.94525399376447	70.45404827316193
pegRNA_88	p.L237V	229.96610665581593	184.74487355981756	323.69349178168443	258.6948909956167	195.11928551513708	316.4251992619202
pegRNA_89	p.L237V	9.998526376339823	7.697703064992399	18.041932328815196	12.591344251999042	10.025892141094	21.01261088848689
pegRNA_90	p.L237V	59.99115825803894	27.904173610597446	52.003216712467335	120.19010422362722	47.04457081590262	42.02522177697378
pegRNA_91	p.H311R	692.8978778803498	695.679914498688	656.938594796271	586.0698415475917	602.3247509380318	631.6143625892236
pegRNA_92	p.H311R	170.974801035411	120.27661039050624	181.4806134251411	125.91344251999041	117.22581580356062	196.52971360408327
pegRNA_93	p.H311R	157.97671674616922	103.91899137739739	140.09029808256506	105.30942465308289	135.73515514096493	106.29909037705133
pegRNA_94	p.H311R	44.993368693529206	42.33736685745819	53.064506849456464	37.774032755997126	46.27334834351077	46.96936551544128
pegRNA_95	p.H311R	3.9994105505359294	19.244257662480997	13.79677178085868	5.723338296363201	41.646013509159694	7.416215607701256
pegRNA_96	p.G603V	64.99042144620886	88.52358524741258	70.04514904128253	62.956721259995206	82.52080454592753	67.98197640392817
pegRNA_97	p.G603V	25.99616857848354	20.206470545605047	38.20644493160865	29.761359141088644	52.44312812264554	29.664862430805023
pegRNA_98	p.G603V	17.997347477411683	20.206470545605047	13.79677178085868	12.591344251999042	22.36545169936354	16.068467150019387
pegRNA_99	p.G603V	114.98305332790797	134.70980363736697	185.7257739730976	201.46150803198466	214.39984732493323	138.4360246770901
pegRNA_100	p.G603V	39.99410550535929	44.26179262370629	39.26773506859778	57.23338296363201	32.39134384045754	40.78918584235691
pegRNA_101	p.E192K	155.97701147090126	182.82044779356946	171.92900219223893	136.2154514534442	144.21860233727523	175.51710271559637
pegRNA_102	p.E192K	105.98437958920213	114.50333309176193	104.00643342493467	77.83740083053954	75.57980229440092	97.64683883473319
pegRNA_103	p.E192K	208.9692012655023	195.32921527418213	161.31610082234764	143.08345740908	159.64305178511216	166.86485117327825
pegRNA_104	p.E192K	80.98806364835256	56.77056010431894	81.71934054816295	114.46676592726402	94.86036410419707	81.57837168471382
pegRNA_105	p.E192K	84.9874741988885	61.58162451993919	76.4128898632173	109.88809529017345	60.92657531895585	82.81440761933068
pegRNA_106	p.L281M	38.994252867725315	37.52630244183794	46.69676602752168	37.774032755997126	47.815793288294465	40.78918584235691
pegRNA_107	p.L281M	109.98379013973806	122.20103615675433	98.69998273998901	124.76877486071777	80.207137128752	110.00719818090195
pegRNA_108	p.L281M	11.998231651607789	6.735490181868349	5.306450684945646	21.74868552618016	21.59422922697169	17.304503084636263
pegRNA_109	p.L281M	116.98275860317594	148.1807840011037	132.66126712364115	92.71808040108385	130.336597834222	103.82701850781757
pegRNA_110	p.L281M	42.99366341826124	53.883921454946794	39.26773506859778	66.39072423781313	36.24745620241677	50.67747331929191
pegRNA_111	p.W252C	57.99145298277098	78.90145641617208	67.92256876730427	103.02008933453762	61.697797791347696	66.7459404693113
pegRNA_112	p.W252C	95.98585321286231	97.18350119552903	88.08708137009772	109.88809529017345	100.25892141094	101.35494663858383
pegRNA_113	p.W252C	223.96699083001204	179.9338091441973	176.17416274019544	222.0655258988922	140.362489975316	189.11349799638202
pegRNA_114	p.W252C	627.907456434141	672.5868053037109	561.4224824672493	513.9557790134154	440.3680317357442	546.3278831006592
pegRNA_115	p.W252C	8.998673738705842	10.584341714364548	3.183870410967388	6.868005955635841	13.882004503053231	6.180179673084379
pegRNA_116	p.V568F	94.98600057522832	90.44801101366069	90.20966164407598	105.30942465308289	107.97114613485846	87.75855135779818
pegRNA_117	p.V568F	20.99690539031363	38.488515324961995	19.103222465804325	38.91870041526977	18.509339337404306	32.136934300038774
pegRNA_118	p.V568F	9.998526376339823	12.508767480612647	10.612901369891292	24.038020844725445	30.077676423282	17.304503084636263
pegRNA_119	p.V568F	59.99115825803894	72.16596623430374	54.12579698644559	65.24605657854049	90.233029269846	64.27386860007755
pegRNA_120	p.V568F	102.98482167630019	122.20103615675433	111.43546438385857	171.70014889089603	135.73515514096493	159.44863556557698
pegRNA_121	p.R71L	42.99366341826124	75.05260488367588	47.75805616451081	74.40339785272161	48.587015760686306	46.96936551544128
pegRNA_122	p.R71L	1101.8376066726485	1145.0333309176194	1084.6385200028901	678.7879219486756	842.9461623242878	839.2683996048587
pegRNA_123	p.R71L	103.98467431393416	113.54112020863788	116.74191506880422	129.34744549780834	91.00425174223784	133.4918809386226
pegRNA_124	p.R71L	1142.8315648156417	1247.0278965287687	1204.5643054826617	692.5239338599473	832.149047710802	805.895429370203
pegRNA_125	p.R71L	409.9395814299328	499.38848634138185	385.2483197270539	404.06768372324194	359.3896721346003	451.1531161351597
pegRNA_126	p.R234W	347.94871789662585	316.5680385478124	354.47090575436914	194.5935020763488	231.36674171755385	247.2071869233752
pegRNA_127	p.R234W	187.97229587518868	174.16053184545302	171.92900219223893	154.53013400180643	158.8718293127203	191.58556986561575
pegRNA_128	p.R234W	115.98290596554196	112.57890732551382	68.9838589042934	154.53013400180643	96.40280904898077	54.385581123142536
pegRNA_129	p.R234W	88.98688474942443	126.04988768925053	77.47418000020643	125.91344251999041	87.14813938027862	96.41080290011632
pegRNA_130	p.R234W	14.997789564509736	12.508767480612647	12.735481643869552	21.74868552618016	17.73811686501246	14.832431215402512
pegRNA_131	p.N414I	230.9659592934499	201.10249257292642	288.67091726104314	366.29365096724484	388.69612608549045	263.27565407339455
pegRNA_132	p.N414I	271.9599174364432	240.55322078101247	306.71284958985837	368.5829862857901	370.958009220478	243.49907911952454
pegRNA_133	p.N414I	320.9526966805083	331.0012317946732	414.9644435627495	409.7910220196052	407.20546542289475	328.785558608089
pegRNA_134	p.N414I	150.97774828273134	153.95406129984798	162.37739095933676	228.93353185452804	269.1566428647543	191.58556986561575
pegRNA_135	p.N414I	150.97774828273134	169.34946742983277	156.009650137402	131.63678081635362	252.1897484721337	150.79638402325887
pegRNA_136	p.V369L	16.9974948397777	35.60187667558984	43.512895616554296	51.51004466726881	2.3136674171755383	21.01261088848689
pegRNA_137	p.V369L	10.998379013973805	10.584341714364548	9.551611232902163	3.4340029778179204	11.568337085877692	8.652251542318131
pegRNA_138	p.V369L	10.998379013973805	6.735490181868349	13.79677178085868	8.012673614908481	26.22156406132277	24.720718692337517
pegRNA_139	p.V369L	6.998968463437876	9.622128831240499	15.919352054836938	29.761359141088644	55.528018012212925	11.124323411551883
pegRNA_140	p.V369L	9.998526376339823	13.470980363736698	16.980642191826067	11.446676592726401	33.162566312849385	13.596395280785634
pegRNA_141	p.H274R	34.99484231718938	37.52630244183794	28.65483369870649	92.71808040108385	53.98557306742923	61.8017967308438
pegRNA_142	p.H274R	19.997052752679647	14.433193246860748	11.67419150688042	41.208035733815045	56.299240484604766	50.67747331929191
pegRNA_143	p.H274R	125.98143234188177	170.3116803129568	182.54190356213022	198.02750505416674	186.63583831882676	144.61620435017448
pegRNA_144	p.H274R	15.997642202143718	10.584341714364548	9.551611232902163	10.302008933453761	6.941002251526616	18.54053901925314
pegRNA_145	p.H274R	26.996021216117523	44.26179262370629	29.71612383569562	35.48469743745184	53.98557306742923	32.136934300038774
pegRNA_146	p.G524C	1247.81609176721	1322.0805014124444	1174.848181646966	1187.0203626657278	1290.2551963115586	1331.2107015823753
pegRNA_147	p.G524C	4186.3829937734845	4647.488225489161	3883.2606112432236	2834.197124359057	3040.9302086410494	3049.3006506998327
pegRNA_148	p.G524C	4.999263188169912	4.811064415620249	5.306450684945646	5.723338296363201	8.483447196310308	7.416215607701256
pegRNA_149	p.G524C	2583.6192156462103	2940.5225708270964	2454.764086855856	1865.8082846144034	2082.3006754579847	2176.6592808603186
pegRNA_150	p.G524C	3350.506188711475	3788.2321208593844	3443.886494529724	2536.5835329481706	2549.6614937274435	2517.805198814576
pegRNA_151	p.G378C	2.999557912901947	1.9244257662480997	1.0612901369891292	6.868005955635841	6.941002251526616	6.180179673084379
pegRNA_152	p.G378C	39.99410550535929	68.31711470180754	56.24837726042385	46.93137403017825	19.280561809796154	16.068467150019387
pegRNA_153	p.G378C	21.99675802794761	11.546554597488598	19.103222465804325	25.182688503998083	0.7712224723918462	21.01261088848689
pegRNA_154	p.G378C	31.995284404287435	37.52630244183794	57.30966739741298	81.27140380835745	97.94525399376447	59.329724861610046
pegRNA_155	p.G378C	10.998379013973805	20.206470545605047	9.551611232902163	34.3400297781792	18.509339337404306	14.832431215402512
pegRNA_156	p.C171F	904.866637058754	920.8377291497158	843.7256589063577	718.851290023218	689.4728903183104	813.3116449779043
pegRNA_157	p.C171F	1155.8296491048836	1124.8268603720144	1031.5740131534335	982.1248516559252	929.3230792321747	972.7602805434814
pegRNA_158	p.C171F	935.8620688254075	957.4018187084296	995.4901484958032	734.8766372530349	866.8540589684351	798.4792137625018
pegRNA_159	p.C171F	247.96345413322763	253.06198826162512	278.05801589115185	202.6061756912573	246.01996869299893	213.83421668871952
pegRNA_160	p.C171F	0.9998526376339824	0.9622128831240498	5.306450684945646	3.4340029778179204	5.398557306742923	3.708107803850628
pegRNA_161	p.A510V	71.98938990964673	63.50605028618729	55.18708712343472	121.33477188289986	60.155352846564	69.21801233854505
pegRNA_162	p.A510V	108.98393750210408	117.38997174113408	93.39353205504337	93.8627480603565	107.97114613485846	82.81440761933068
pegRNA_163	p.A510V	90.98659002469239	58.69498587056704	64.73869835633688	56.08871530435937	76.35102476679278	107.53512631166821
pegRNA_164	p.A510V	41.99381078062726	15.395406129984798	26.532253424728232	46.93137403017825	39.33234609198416	56.85765299237629
pegRNA_165	p.A510V	19.997052752679647	15.395406129984798	19.103222465804325	21.74868552618016	8.483447196310308	7.416215607701256
pegRNA_166	p.G558R	232.9656645687179	304.05927106719975	299.28381863093443	234.65687015089122	251.41852599974186	237.31889944644018
pegRNA_167	p.G558R	216.96802236657416	189.5559379754378	192.09351479503238	208.32951398762052	162.72794167467953	250.9152947272258
pegRNA_168	p.G558R	50.9924845193331	19.244257662480997	40.32902520558691	48.07604168945089	29.306453950890155	45.73332958082441
pegRNA_169	p.G558R	25.99616857848354	27.904173610597446	49.88063643848907	44.642038711632964	21.59422922697169	33.37297023465565
pegRNA_170	p.G558R	50.9924845193331	75.05260488367588	63.677408219347754	148.80679570544322	70.181244987658	132.25584500400572
pegRNA_171	p.S102L	86.98717947415646	75.05260488367588	75.35159972622817	83.56073912690273	54.75679553982108	106.29909037705133
pegRNA_172	p.S102L	237.9649277568878	285.7772262878428	227.11608931567366	207.18484632834787	209.0012900181903	280.58015715803083
pegRNA_173	p.S102L	47.992926606431155	52.92170857182274	52.003216712467335	78.98206848981216	54.75679553982108	63.03783266546067
pegRNA_174	p.S102L	3.9994105505359294	3.8488515324961994	2.1225802739782584	16.025347229816962	6.941002251526616	16.068467150019387
pegRNA_175	p.S102L	385.9431181267172	455.12669371767555	408.59670274081475	347.9789684188826	353.21989235546556	393.05942720816654
pegRNA_176	p.I416F	38.994252867725315	28.866386493721496	28.65483369870649	20.604017866907522	86.37691690788677	13.596395280785634
pegRNA_177	p.I416F	71.98938990964673	81.78809506554424	55.18708712343472	85.85007444544802	107.97114613485846	45.73332958082441
pegRNA_178	p.I416F	4.999263188169912	0.0	3.183870410967388	4.5786706370905605	7.712224723918462	1.2360359346168759
pegRNA_179	p.I416F	16.9974948397777	18.282044779356948	20.164512602793454	16.025347229816962	12.339559558269539	13.596395280785634
pegRNA_180	p.I416F	6.998968463437876	13.470980363736698	21.225802739782583	9.157341274181121	0.7712224723918462	14.832431215402512
pegRNA_181	p.M161I	44.993368693529206	50.99728280557464	41.39031534257604	66.39072423781313	63.240242736131385	51.913509253908785
pegRNA_182	p.M161I	86.98717947415646	97.18350119552903	125.23223616471725	78.98206848981216	149.61715964401816	116.18737785398633
pegRNA_183	p.M161I	73.98909518491469	68.31711470180754	67.92256876730427	88.13940976399329	82.52080454592753	66.7459404693113
pegRNA_184	p.M161I	50.9924845193331	68.31711470180754	48.81934630149994	95.00741571962914	94.86036410419707	95.17476696549944
pegRNA_185	p.M161I	446.9341290223901	347.358850807782	393.73864082296694	288.4562501367053	289.2084271469423	321.36934300038774
pegRNA_186	p.N238K	69.98968463437876	72.16596623430374	87.02579123310859	112.17743060871874	66.32513262569877	112.47927005013571
pegRNA_187	p.N238K	118.9824638784439	114.50333309176193	135.84513753460854	119.04543656435457	90.233029269846	144.61620435017448
pegRNA_188	p.N238K	52.99218979460107	60.61941163681514	57.30966739741298	46.93137403017825	28.535231478498307	51.913509253908785
pegRNA_189	p.N238K	53.992042432235046	29.828599376845546	43.512895616554296	49.220709348723524	23.136674171755384	45.73332958082441
pegRNA_190	p.N238K	72.98924254728071	75.05260488367588	110.37417424686944	107.59875997162817	128.02293041704647	154.5044918271095
pegRNA_191	p.P278L	7.998821101071859	10.584341714364548	8.490321095913034	11.446676592726401	16.966894392620617	9.888287476935007
pegRNA_192	p.P278L	19.997052752679647	19.244257662480997	29.71612383569562	41.208035733815045	14.653226975445078	16.068467150019387
pegRNA_193	p.P278L	36.994547592457344	51.959495688698695	44.574185753543425	38.91870041526977	43.95968092633523	50.67747331929191
pegRNA_194	p.P278L	32.99513704192142	30.790812259969595	29.71612383569562	25.182688503998083	28.535231478498307	25.956754626954393
pegRNA_195	p.P278L	272.9597700740772	313.68139989844025	297.1612383569562	286.16691481816	246.01996869299893	312.7170914580696
pegRNA_196	p.P361L	29.99557912901947	24.055322078101245	24.40967315074997	32.050694459633924	20.051784282188	22.248646823103766
pegRNA_197	p.P361L	8.998673738705842	16.35761901310885	19.103222465804325	6.868005955635841	10.025892141094	27.192790561571268
pegRNA_198	p.P361L	12.99808428924177	1.9244257662480997	8.490321095913034	18.314682548362242	13.882004503053231	0.0
pegRNA_199	p.P361L	31.995284404287435	28.866386493721496	19.103222465804325	65.24605657854049	50.12946070547	29.664862430805023
pegRNA_200	p.P361L	4.999263188169912	6.735490181868349	9.551611232902163	18.314682548362242	6.169779779134769	3.708107803850628
pegRNA_201	p.Q163L	100.98511640103222	129.89873922174672	100.82256301396727	121.33477188289986	100.25892141094	149.56034808864197
pegRNA_202	p.Q163L	50.9924845193331	60.61941163681514	48.81934630149994	58.378050622904645	68.63880004287431	65.50990453469443
pegRNA_203	p.Q163L	115.98290596554196	124.12546192300243	114.61933479482596	129.34744549780834	84.83447196310308	92.70269509626569
pegRNA_204	p.Q163L	51.99233715696708	52.92170857182274	38.20644493160865	52.65471232654144	57.84168542938846	76.6342279462463
pegRNA_205	p.Q163L	91.98644266232638	104.88120426052143	136.90642767159767	98.44141869744705	103.34381130050738	86.52251542318132
pegRNA_206	p.R240L	72.98924254728071	64.46826316931134	85.96450109611946	51.51004466726881	51.67190565025369	85.28647948856444
pegRNA_207	p.R240L	55.99174770750301	38.488515324961995	63.677408219347754	65.24605657854049	57.070462956996614	74.16215607701255
pegRNA_208	p.R240L	56.991600345136995	35.60187667558984	37.14515479461952	62.956721259995206	47.04457081590262	49.441437384675034
pegRNA_209	p.R240L	0.9998526376339824	0.0	0.0	0.0	0.0	0.0
pegRNA_210	p.R240L	71.98938990964673	59.65719875369109	76.4128898632173	82.41607146763009	59.38413037417215	82.81440761933068
pegRNA_211	p.R71W	68.98983199674478	62.54383740306324	59.43224767139124	75.54806551199425	52.44312812264554	69.21801233854505
pegRNA_212	p.R71W	40.99395814299328	40.412941091210094	38.20644493160865	44.642038711632964	37.78990114720046	29.664862430805023
pegRNA_213	p.R71W	117.98261124080992	95.25907542928094	105.0677235619238	78.98206848981216	101.80136635572369	76.6342279462463
pegRNA_214	p.R71W	1066.8427643554592	1023.794507643989	1023.0836920575206	581.4911709105012	705.6685622385393	747.80174044321
pegRNA_215	p.R71W	466.9311817750698	450.3156293020553	421.3321843846843	401.7783484046967	363.24578449655957	520.3711284737047
pegRNA_216	p.S224F	211.96875917840427	267.49518150848587	218.62576821976063	279.2989088625242	190.491950680786	271.9279056157127
pegRNA_217	p.S224F	279.95873853751505	314.6436127815643	281.24188630211927	446.42038711632966	468.9032632142425	436.3206849197572
pegRNA_218	p.S224F	44.993368693529206	56.77056010431894	44.574185753543425	29.761359141088644	44.73090339872708	42.02522177697378
pegRNA_219	p.S224F	201.97023280206443	158.76512571546823	146.45803890449983	275.8649058847063	279.95375747824016	321.36934300038774
pegRNA_220	p.S224F	89.98673738705841	129.89873922174672	78.53547013719556	80.1267361490848	110.284813552034	98.88287476935007
pegRNA_221	p.S45F	78.98835837308461	92.37243677990878	43.512895616554296	33.195362118906566	80.97835960114385	64.27386860007755
pegRNA_222	p.S45F	58.99130562040496	42.33736685745819	70.04514904128253	51.51004466726881	49.358238233078154	85.28647948856444
pegRNA_223	p.S45F	64.99042144620886	43.299579740582246	66.86127863031514	48.07604168945089	58.61290790178031	70.45404827316193
pegRNA_224	p.S45F	228.96625401818196	190.51815085856188	230.29995972664105	232.36753483234594	233.6804091347294	223.72250416565453
pegRNA_225	p.S45F	40.99395814299328	49.07285703932654	35.022574520641264	59.52271828217729	49.358238233078154	18.54053901925314
pegRNA_226	p.W252L	65.99027408384283	67.35490181868349	47.75805616451081	76.6927331712669	65.55391015330693	103.82701850781757
pegRNA_227	p.W252L	210.96890654077026	177.04717049482517	166.62255150729328	195.73816973562145	150.38838211641	213.83421668871952
pegRNA_228	p.W252L	177.97376949884887	190.51815085856188	157.07094027439112	192.30416675780356	161.18549672989585	203.94592921178452
pegRNA_229	p.W252L	579.9145298277098	621.5895224981361	568.8515134261733	509.3771083763249	512.0917216681859	510.48284099676977
pegRNA_230	p.W252L	10.998379013973805	7.697703064992399	30.777413972684748	11.446676592726401	12.339559558269539	3.708107803850628
pegRNA_231	p.W403C	545.9195401481544	503.23733787387806	495.6224939739233	513.9557790134154	383.2975687787475	475.8738348274972
pegRNA_232	p.W403C	21.99675802794761	16.35761901310885	19.103222465804325	29.761359141088644	13.882004503053231	12.360359346168758
pegRNA_233	p.W403C	6.998968463437876	7.697703064992399	4.245160547956517	18.314682548362242	12.339559558269539	9.888287476935007
pegRNA_234	p.W403C	11.998231651607789	9.622128831240499	10.612901369891292	30.906026800361282	16.19567192022877	23.48468275772064
pegRNA_235	p.W403C	91.98644266232638	59.65719875369109	108.25159397289119	116.75610124580929	80.207137128752	134.72791687323948
pegRNA_236	p.W450L	217.96787500420817	239.5910078978884	221.80963863072802	209.47418164689316	175.83872370534093	249.67925879260892
pegRNA_237	p.W450L	20.99690539031363	14.433193246860748	21.225802739782583	29.761359141088644	11.568337085877692	28.428826496188144
pegRNA_238	p.W450L	186.9724432375547	270.381820157858	213.31931753481499	232.36753483234594	219.0271821592843	234.84682757720643
pegRNA_239	p.W450L	683.899204141644	730.3195782911538	708.9418115087383	523.1131202875965	562.9924048460477	622.9621110469054
pegRNA_240	p.W450L	294.9565281020248	301.17263241782763	302.46768904190185	226.64419653598276	256.8170833064848	245.9711509887583
pegRNA_241	p.Y300C	51.99233715696708	58.69498587056704	41.39031534257604	70.96939487490368	52.44312812264554	60.56576079622692
pegRNA_242	p.Y300C	20.99690539031363	44.26179262370629	42.45160547956517	42.35270339308769	66.32513262569877	72.92612014239567
pegRNA_243	p.Y300C	434.9358973707823	432.99579740582243	449.9870180833908	457.8670637090561	491.268714913606	650.1549016084767
pegRNA_244	p.Y300C	188.97214851282266	161.65176436484037	179.35803315116283	203.75084335052995	218.25595968689245	208.89007295025203
pegRNA_245	p.Y300C	48.99277924406513	43.299579740582246	44.574185753543425	37.774032755997126	20.823006754579847	67.98197640392817
pegRNA_246	p.Y572C	95.98585321286231	101.99456561114928	77.47418000020643	154.53013400180643	144.98982480966708	112.47927005013571
pegRNA_247	p.Y572C	223.96699083001204	287.7016520540909	233.48383013760844	223.21019355816483	289.97964961933417	216.30628855795328
pegRNA_248	p.Y572C	219.96758027947612	247.2887109628808	187.84835424707586	216.34218760252898	170.440166398598	245.9711509887583
pegRNA_249	p.Y572C	1717.7468314551818	1677.1370552852188	1538.8706986342374	1222.5050601031796	1291.7976412563423	1425.1494326132579
pegRNA_250	p.Y572C	99.98526376339824	96.22128831240498	109.31288410988032	119.04543656435457	118.7682607483443	128.5477372001551
pegRNA_251	p.R260L	31.995284404287435	41.37515397433415	41.39031534257604	60.66738594144993	71.72368993244169	44.49729364620753
pegRNA_252	p.R260L	57.99145298277098	61.58162451993919	82.78063068515208	80.1267361490848	83.29202701831939	103.82701850781757
pegRNA_253	p.R260L	40.99395814299328	43.299579740582246	40.32902520558691	54.94404764508673	45.50212587111892	51.913509253908785
pegRNA_254	p.R260L	49.99263188169912	32.7152380262177	31.838704109673877	33.195362118906566	25.45034158893092	25.956754626954393
pegRNA_255	p.R260L	2.999557912901947	0.0	1.0612901369891292	5.723338296363201	0.7712224723918462	0.0
pegRNA_256	p.A184G	134.98010608058763	145.29414535173152	142.2128783565433	257.550223336344	320.0573260426162	341.14591795425775
pegRNA_257	p.A184G	70.98953727201275	73.12817911742779	67.92256876730427	114.46676592726402	125.70926299987093	81.57837168471382
pegRNA_258	p.A184G	40.99395814299328	53.883921454946794	59.43224767139124	41.208035733815045	64.01146520852323	64.27386860007755
pegRNA_259	p.A184G	252.96271732139755	209.76240852104286	182.54190356213022	635.2905508963153	616.9779779134769	582.1729252045485
pegRNA_260	p.A184G	38.994252867725315	28.866386493721496	39.26773506859778	53.799379985814085	42.41723598155154	35.8450421038894
pegRNA_261	p.R415H	201.97023280206443	240.55322078101247	232.4225400006193	271.2862352476157	328.5407732389265	194.0576417348495
pegRNA_262	p.R415H	259.9616857848354	165.5006158973366	255.77092301438014	343.40029778179206	341.65155526958785	269.45583374647896
pegRNA_263	p.R415H	135.9799587182216	89.48579813053664	104.00643342493467	183.14682548362242	143.44737986488337	139.67206061170697
pegRNA_264	p.R415H	32.99513704192142	47.148431273078444	85.96450109611946	52.65471232654144	99.48769893854815	59.329724861610046
pegRNA_265	p.R415H	27.995873853751505	77.93924353304804	50.941926575478206	83.56073912690273	93.31791915941338	70.45404827316193
pegRNA_266	p.R536C	22.996610665581596	24.055322078101245	23.34838301376084	33.195362118906566	43.95968092633523	34.609006169272526
pegRNA_267	p.R536C	42.99366341826124	48.11064415620249	33.961284383652135	48.07604168945089	44.73090339872708	59.329724861610046
pegRNA_268	p.R536C	96.98570585049629	83.71252083179233	112.4967545208477	89.28407742326593	97.17403152137261	95.17476696549944
pegRNA_269	p.S508R	384.9432654890832	405.09162379522496	325.8160720556627	434.97371052360324	387.1536811407068	336.20177421579024
pegRNA_270	p.S508R	551.9186559739583	509.01061517262235	445.7418575354343	594.0825151625003	518.2615014473206	467.22158328517907
pegRNA_271	p.S508R	288.9574122762209	292.51271646971117	250.4644723294345	344.5449654410647	330.08321818371013	315.18916332730333
pegRNA_272	p.S508R	446.9341290223901	433.95801028894647	347.04187479544527	331.95362118906564	390.23857103027416	452.38915206977657
pegRNA_273	p.S508R	165.97553784724107	135.67201652049104	135.84513753460854	346.83430075960996	246.79119116539079	237.31889944644018
pegRNA_274	p.G480R	252.96271732139755	317.53025143093646	218.62576821976063	199.17217271343938	232.1379641899457	245.9711509887583
pegRNA_275	p.G480R	473.9301502385076	526.3304470688553	412.84186328877126	291.89025311452326	474.3018205209854	299.12069617728395
pegRNA_276	p.G480R	162.97597993433914	145.29414535173152	163.4386810963259	149.95146336471586	171.9826113433817	163.15674336942763
pegRNA_277	p.G480R	27.995873853751505	22.130896311853146	22.287092876771712	29.761359141088644	34.705011257633075	28.428826496188144
pegRNA_278	p.G480R	255.96227523429948	348.32106369090604	226.05479917868453	241.52487610652707	306.1753215395629	276.8720493541802
pegRNA_279	p.H210P	9.998526376339823	16.35761901310885	5.306450684945646	36.629365096724484	8.483447196310308	21.01261088848689
pegRNA_280	p.H210P	10.998379013973805	12.508767480612647	10.612901369891292	9.157341274181121	15.424449447836924	17.304503084636263
pegRNA_281	p.H210P	14.997789564509736	21.168683428729096	12.735481643869552	24.038020844725445	16.19567192022877	29.664862430805023
pegRNA_282	p.H210P	5.999115825803894	0.9622128831240498	0.0	12.591344251999042	2.3136674171755383	8.652251542318131
pegRNA_283	p.H210P	11.998231651607789	17.3198318962329	8.490321095913034	30.906026800361282	26.22156406132277	22.248646823103766
pegRNA_284	p.M550K	158.9765693838032	161.65176436484037	197.39996547997802	124.76877486071777	189.72072820839415	186.64142612714826
pegRNA_285	p.M550K	77.98850573545063	45.224005506830345	64.73869835633688	68.6800595563584	74.03735734961722	84.05044355394756
pegRNA_286	p.M550K	79.98821101071859	37.52630244183794	65.79998849332601	70.96939487490368	69.41002251526615	91.46665916164882
pegRNA_287	p.M550K	165.97553784724107	96.22128831240498	203.76770630191282	154.53013400180643	161.18549672989585	222.48646823103766
pegRNA_288	p.M550K	146.9783377321954	112.57890732551382	178.2967430141737	128.2027778385357	145.7610472820589	250.9152947272258
pegRNA_289	p.V465L	46.99307396879717	19.244257662480997	48.81934630149994	27.472023822543363	37.01867867480861	65.50990453469443
pegRNA_290	p.V465L	75.98880046018266	56.77056010431894	72.16772931526079	74.40339785272161	72.49491240483354	34.609006169272526
pegRNA_291	p.V465L	83.98762156125451	75.05260488367588	99.76127287697814	91.57341274181121	95.63158657658893	46.96936551544128
pegRNA_292	p.V465L	42.99366341826124	40.412941091210094	74.29030958923904	59.52271828217729	38.56112361959231	49.441437384675034
pegRNA_293	p.V465L	18.997200115045665	5.773277298744299	9.551611232902163	22.893353185452803	16.966894392620617	16.068467150019387
pegRNA_294	p.Glu79Gln	40.99395814299328	30.790812259969595	29.71612383569562	44.642038711632964	40.874791036767846	51.913509253908785
pegRNA_295	p.Glu79Gln	43.99351605589522	56.77056010431894	60.49353780838037	108.74342763090081	93.31791915941338	53.149545188525664
pegRNA_296	p.Glu79Gln	123.98172706661381	167.42504166358466	127.35481643869551	128.2027778385357	183.5509484292594	180.46124645406388
pegRNA_297	p.Glu79Gln	96.98570585049629	123.16324903987838	76.4128898632173	141.93878974980737	158.10060684032845	142.14413248094073
pegRNA_298	p.Glu79Gln	97.98555848813027	112.57890732551382	107.19030383590206	152.24079868326115	102.57258882811554	155.74052776172636
pegRNA_299	p.Arg34Gly	897.8676685953161	1146.9577566838675	739.7192254814231	2388.921404902	1054.2611197596536	939.3873103088257
pegRNA_300	p.Arg34Gly	1455.7854403950782	2040.8535251061098	1315.9997698665202	1638.019420419148	1550.9283919800025	1528.9764511210756
pegRNA_301	p.Arg34Gly	1152.8300911919816	1683.8725454670873	1114.3546438385856	1315.2231405042635	1423.676684035348	1393.012498313219
pegRNA_302	p.Arg34Gly	1453.7857351198104	1935.0101079624642	1440.1707158942484	1504.0933042842491	1837.0519292373776	1773.7115661752168
pegRNA_303	p.Arg34Gly	1138.8321542651058	1515.4852909203785	1101.6191621947162	1212.203051169726	1476.1198121579935	1284.241336066934
pegRNA_304	p.Gly31Glu	1680.7522838627244	2309.3109194977196	1767.0480780869002	1710.1334829533243	2059.1640012862294	1897.3151596369046
pegRNA_305	p.Gly31Glu	1988.7068962539909	2762.513187449147	2046.1673841150412	1919.6076646002175	2004.4072057464082	2412.742144372142
pegRNA_306	p.Gly31Glu	1802.73430565407	2510.4134120706462	1665.1642249359438	1862.3742816365855	2191.043044065235	1957.8809204331315
pegRNA_307	p.Gly31Glu	2021.7020332959123	2470.96268386256	1934.7319197311826	1793.694222080227	2117.7769091880095	1714.3818413136069
pegRNA_308	p.Gly31Glu	1246.816239129576	1705.0412288958164	1244.8933306882486	1821.1662459027705	1576.3787335689335	1734.158416267477
pegRNA_309	p.Glu82Asp	504.92558200516106	626.4005869137565	438.31282657651036	327.3749505519751	298.46309681564446	346.09006169272527
pegRNA_310	p.Glu82Asp	252.96271732139755	354.09434098965033	214.3806076718041	231.2228671730733	215.94229226971692	370.81078038506274
pegRNA_311	p.Glu82Asp	350.9482758095278	412.7893268602174	322.6322016446953	327.3749505519751	350.90622493829	289.23240870034897
pegRNA_312	p.Glu82Asp	87.98703211179044	170.3116803129568	108.25159397289119	133.9261161348989	101.03014388333185	117.42341378860321
pegRNA_313	p.Glu82Asp	59.99115825803894	79.86366929929613	54.12579698644559	82.41607146763009	46.27334834351077	76.6342279462463
pegRNA_314	S45S	58.99130562040496	43.299579740582246	56.24837726042385	20.604017866907522	77.89346971157646	30.9008983654219
pegRNA_315	S45S	42.99366341826124	64.46826316931134	49.88063643848907	32.050694459633924	47.04457081590262	29.664862430805023
pegRNA_316	R71R	695.8974357932517	772.6569451486121	757.7611578102383	588.359176866137	528.2873935884146	629.1422907199898
pegRNA_317	R71R	95.98585321286231	95.25907542928094	94.4548221920325	98.44141869744705	89.46180679745416	85.28647948856444
pegRNA_318	S102S	111.98349541500602	108.73005579301763	172.99029232922805	81.27140380835745	116.45459333116877	137.1999887424732
pegRNA_319	S102S	869.8717947415646	910.2533874353511	885.1159742489338	647.8818951483144	638.5722071404487	669.9314765623467
pegRNA_320	V155V	102.98482167630019	103.91899137739739	88.08708137009772	89.28407742326593	67.86757757048247	91.46665916164882
pegRNA_321	V155V	41.99381078062726	49.07285703932654	38.20644493160865	43.49737105236032	43.18845845394338	59.329724861610046
pegRNA_322	Q163Q	163.97583257197311	155.87848706609608	188.909644384065	128.2027778385357	125.70926299987093	149.56034808864197
pegRNA_323	Q163Q	112.98334805264001	128.93652633862268	100.82256301396727	123.62410720144513	99.48769893854815	126.07566533092134
pegRNA_324	C171C	702.8964042566896	774.5813709148601	648.448273700358	608.9631947330446	677.9045532324328	603.1855360930355
pegRNA_325	C171C	1.9997052752679647	3.8488515324961994	5.306450684945646	3.4340029778179204	1.5424449447836923	1.2360359346168759
pegRNA_326	A184A	363.94636009876956	361.79204405464276	401.1676717818908	313.6389386407034	375.5853440548291	514.1909488006204
pegRNA_327	A184A	81.98791628598656	76.01481776679994	61.554827945369496	95.00741571962914	79.43591465636015	79.10629981548006
pegRNA_328	G186G	270.96006479880924	203.02691833917453	193.1548049320215	212.90818462471105	228.28185182798646	202.70989327716765
pegRNA_329	G186G	52.99218979460107	55.80834722119489	74.29030958923904	73.25873019344897	74.80857982200908	90.23062322703194
pegRNA_330	E192E	72.98924254728071	114.50333309176193	125.23223616471725	77.83740083053954	58.61290790178031	93.93873103088256
pegRNA_331	E192E	89.98673738705841	73.12817911742779	68.9838589042934	81.27140380835745	56.299240484604766	75.39819201162943
pegRNA_332	H210H	151.97760092036532	175.12274472857706	119.9257854797716	270.1415675883431	232.1379641899457	180.46124645406388
pegRNA_333	H210H	15.997642202143718	33.677450909341744	9.551611232902163	9.157341274181121	6.941002251526616	19.776574953870014
pegRNA_334	S224S	45.99322133116319	71.20375335117969	85.96450109611946	54.94404764508673	76.35102476679278	51.913509253908785
pegRNA_335	S224S	293.9566754643908	299.2482066515795	284.4257567130866	386.89766883415234	324.68466087696726	351.03420543119273
pegRNA_336	R234R	108.98393750210408	125.08767480612649	107.19030383590206	137.3601191127168	93.31791915941338	171.80899491174574
pegRNA_337	R234R	191.97170642572462	223.23338888477957	178.2967430141737	196.8828373948941	150.38838211641	191.58556986561575
pegRNA_338	L237L	69.98968463437876	59.65719875369109	73.22901945224991	49.220709348723524	53.98557306742923	77.87026388086318
pegRNA_339	L237L	17.997347477411683	22.130896311853146	35.022574520641264	35.48469743745184	28.535231478498307	32.136934300038774
pegRNA_340	N238N	125.98143234188177	75.05260488367588	112.4967545208477	90.42874508253857	88.6905843250623	159.44863556557698
pegRNA_341	N238N	120.98216915371187	100.07013984490118	166.62255150729328	151.0961310239885	113.36970344160139	187.87746206176513
pegRNA_342	R240R	49.99263188169912	41.37515397433415	60.49353780838037	60.66738594144993	37.01867867480861	28.428826496188144
pegRNA_343	R240R	77.98850573545063	37.52630244183794	83.8419208221412	53.799379985814085	47.815793288294465	124.83962939630446
pegRNA_344	R260R	51.99233715696708	58.69498587056704	52.003216712467335	74.40339785272161	64.01146520852323	74.16215607701255
pegRNA_345	R260R	5.999115825803894	9.622128831240499	5.306450684945646	11.446676592726401	4.6273348343510765	8.652251542318131
pegRNA_346	R272R	35.994694954823366	38.488515324961995	55.18708712343472	29.761359141088644	47.04457081590262	30.9008983654219
pegRNA_347	R272R	15.997642202143718	9.622128831240499	11.67419150688042	16.025347229816962	10.797114613485846	23.48468275772064
pegRNA_348	H274H	11.998231651607789	28.866386493721496	28.65483369870649	38.91870041526977	39.33234609198416	38.31711397312315
pegRNA_349	H274H	104.98452695156814	76.97703064992399	130.5386868496629	83.56073912690273	92.54669668702154	113.71530598475258
pegRNA_350	P278P	10.998379013973805	8.65991594811645	6.367740821934776	19.459350207634884	8.483447196310308	9.888287476935007
pegRNA_351	P278P	129.9808428924177	96.22128831240498	165.56126137030415	146.51746038689794	133.4214877237894	154.5044918271095
pegRNA_352	L281L	81.98791628598656	68.31711470180754	53.064506849456464	62.956721259995206	70.95246746004985	55.621617057759416
pegRNA_353	L281L	38.994252867725315	48.11064415620249	49.88063643848907	85.85007444544802	46.27334834351077	59.329724861610046
pegRNA_354	C297C	12.99808428924177	20.206470545605047	13.79677178085868	14.880679570544322	16.966894392620617	25.956754626954393
pegRNA_355	C297C	98.98541112576426	104.88120426052143	96.57740246601075	125.91344251999041	104.11503377289924	152.03241995787573
pegRNA_356	Y300Y	117.98261124080992	125.08767480612649	115.68062493181509	163.68747527598754	129.56537536183015	166.86485117327825
pegRNA_357	Y300Y	83.98762156125451	45.224005506830345	50.941926575478206	64.10138891926785	71.72368993244169	80.34233575009694
pegRNA_358	H311H	138.97951663112354	118.35218462425813	108.25159397289119	121.33477188289986	98.71647646615631	108.77116224628507
pegRNA_359	H311H	138.97951663112354	101.03235272802523	154.94836000041286	104.16475699381026	81.74958207353569	112.47927005013571
pegRNA_360	R320R	83.98762156125451	107.76784290989359	92.33224191805424	179.7128225058045	130.336597834222	84.05044355394756
pegRNA_361	R320R	21.99675802794761	46.18621838995439	54.12579698644559	60.66738594144993	57.84168542938846	19.776574953870014
pegRNA_362	G332G	48.99277924406513	32.7152380262177	37.14515479461952	17.1700148890896	52.44312812264554	34.609006169272526
pegRNA_363	G332G	148.97804300746338	158.76512571546823	122.04836575374986	113.32209826799138	111.05603602442585	150.79638402325887
pegRNA_364	G333G	157.97671674616922	128.93652633862268	116.74191506880422	127.05811017926305	132.65026525139754	122.36755752707072
pegRNA_365	G333G	29.99557912901947	30.790812259969595	33.961284383652135	28.616691481816005	22.36545169936354	46.96936551544128
pegRNA_366	P361P	21.99675802794761	19.244257662480997	28.65483369870649	35.48469743745184	51.67190565025369	24.720718692337517
pegRNA_367	P361P	0.9998526376339824	2.8866386493721494	3.183870410967388	2.2893353185452803	3.856112361959231	2.4720718692337518
pegRNA_368	R362R	23.996463303215577	17.3198318962329	18.041932328815196	19.459350207634884	47.04457081590262	29.664862430805023
pegRNA_369	R362R	0.0	0.9622128831240498	1.0612901369891292	0.0	0.7712224723918462	1.2360359346168759
pegRNA_370	G364G	0.9998526376339824	2.8866386493721494	4.245160547956517	6.868005955635841	5.398557306742923	4.9441437384675035
pegRNA_371	G364G	6.998968463437876	4.811064415620249	20.164512602793454	21.74868552618016	6.169779779134769	4.9441437384675035
pegRNA_372	V369V	0.0	6.735490181868349	5.306450684945646	0.0	0.7712224723918462	0.0
pegRNA_373	V369V	13.997936926875752	16.35761901310885	13.79677178085868	5.723338296363201	30.848898895673848	3.708107803850628
pegRNA_374	G378G	8.998673738705842	2.8866386493721494	7.429030958923905	5.723338296363201	8.483447196310308	4.9441437384675035
pegRNA_375	G378G	61.99086353330691	39.45072820808604	66.86127863031514	20.604017866907522	28.535231478498307	55.621617057759416
pegRNA_376	R413R	102.98482167630019	118.35218462425813	149.64190931546722	198.02750505416674	175.83872370534093	118.65944972322009
pegRNA_377	R413R	67.9899793591108	54.84613433807084	83.8419208221412	84.70540678617537	132.65026525139754	44.49729364620753
pegRNA_378	N414N	56.991600345136995	38.488515324961995	58.37095753440211	58.378050622904645	64.01146520852323	51.913509253908785
pegRNA_379	N414N	176.9739168612149	106.80563002676953	122.04836575374986	179.7128225058045	278.41131253345645	144.61620435017448
pegRNA_380	R415R	210.96890654077026	170.3116803129568	170.8677120552498	156.8194693203517	214.39984732493323	189.11349799638202
pegRNA_381	R415R	66.99012672147681	64.46826316931134	68.9838589042934	83.56073912690273	111.82725849681769	60.56576079622692
pegRNA_382	I416I	0.0	0.0	0.0	0.0	0.0	0.0
pegRNA_383	I416I	68.98983199674478	64.46826316931134	90.20966164407598	51.51004466726881	55.528018012212925	96.41080290011632
pegRNA_384	G430G	27.995873853751505	15.395406129984798	36.08386465763039	37.774032755997126	34.705011257633075	32.136934300038774
pegRNA_385	G430G	52.99218979460107	57.73277298744299	53.064506849456464	52.65471232654144	70.181244987658	32.136934300038774
pegRNA_386	G462G	187.97229587518868	135.67201652049104	166.62255150729328	146.51746038689794	183.5509484292594	180.46124645406388
pegRNA_387	G462G	163.97583257197311	174.16053184545302	129.47739671267377	154.53013400180643	131.8790427790057	138.4360246770901
pegRNA_388	V465V	50.9924845193331	26.941960727473397	42.45160547956517	50.365377007996166	38.56112361959231	48.20540145005816
pegRNA_389	V465V	35.994694954823366	28.866386493721496	54.12579698644559	34.3400297781792	15.424449447836924	29.664862430805023
pegRNA_390	G480G	340.949749433188	418.5626041589617	374.6354183571626	272.4309029068884	360.16089460699214	344.8540257581084
pegRNA_391	G480G	136.9798113558556	120.27661039050624	150.70319945245635	137.3601191127168	168.8977214538143	189.11349799638202
pegRNA_392	S508S	62.990716170940885	86.59915948116449	67.92256876730427	49.220709348723524	65.55391015330693	96.41080290011632
pegRNA_393	S508S	91.98644266232638	71.20375335117969	96.57740246601075	125.91344251999041	61.697797791347696	59.329724861610046
pegRNA_394	A510A	83.98762156125451	55.80834722119489	70.04514904128253	88.13940976399329	75.57980229440092	71.6900842077788
pegRNA_395	A510A	16.9974948397777	9.622128831240499	21.225802739782583	30.906026800361282	24.679119116539077	11.124323411551883
pegRNA_396	G524G	1386.7956083983336	1547.2383160634722	1308.5707389075963	1509.8166425806123	1746.8188999675315	1427.6215044824917
pegRNA_397	G524G	4208.379751801432	4402.1239402925285	4071.1089654903	3063.130656213585	2942.984954647285	3305.160089165526
pegRNA_398	R536R	28.99572649138549	25.017534961225294	23.34838301376084	57.23338296363201	40.874791036767846	29.664862430805023
pegRNA_399	R536R	108.98393750210408	139.52086805298723	93.39353205504337	111.0327629494461	145.7610472820589	122.36755752707072
pegRNA_400	G558G	44.993368693529206	29.828599376845546	32.899994246663006	21.74868552618016	42.41723598155154	54.385581123142536
pegRNA_401	G558G	212.96861181603825	259.79747844349345	205.89028657589108	223.21019355816483	178.92361359490832	199.00178547331703
pegRNA_402	V568V	72.98924254728071	59.65719875369109	61.554827945369496	86.99474210472064	60.92657531895585	96.41080290011632
pegRNA_403	V568V	875.8709105673686	974.7216506046625	795.9676027418469	754.3359874606698	773.5361398090217	814.5476809125212
pegRNA_404	Y572Y	511.92455046859897	556.1590464457008	532.7676487685428	896.2747772104773	308.48898895673847	440.0287927236078
pegRNA_405	Y572Y	108.98393750210408	140.48308093611126	117.80320520579335	193.44883441707617	161.18549672989585	179.22521051944702
pegRNA_406	R601R	152.9774535579993	160.68955148171634	185.7257739730976	199.17217271343938	268.38542039236245	233.61079164258953
pegRNA_407	R601R	137.97966399348957	107.76784290989359	146.45803890449983	153.3854663425338	84.83447196310308	145.85224028479135
pegRNA_408	G603G	138.97951663112354	111.61669444238979	147.51932904148896	169.41081357235075	145.7610472820589	135.96395280785634
pegRNA_409	G603G	95.98585321286231	132.78537787111887	158.13223041138025	137.3601191127168	233.6804091347294	126.07566533092134
pegRNA_410	safe-target-1	1981.707927790553	2349.7238605889297	1921.996438087313	1678.0827884936905	1802.3469179797444	1842.929578513762
pegRNA_411	safe-target-2	530.9217505836447	585.0254329394223	491.3773334259668	730.2979666159445	640.8858745576241	585.8810330083992
pegRNA_412	safe-target-3	1144.8312700909098	1312.458372581204	1048.5546553452596	1180.152356710092	1226.2437311030353	1165.581886343714
pegRNA_413	safe-target-4	2087.692307379755	2377.628034199527	1986.73513644365	1374.7458587864407	1346.5544367961634	1719.3259850520744
pegRNA_414	safe-target-5	1305.807544749981	1563.595935076581	1262.9352630170638	1081.7109380126449	1127.527254636879	1191.5386409706684
pegRNA_415	safe-target-6	2374.650014380708	3187.8112817899773	2105.5996317864324	2784.9764150103333	3033.217983917131	2523.9853784876605
pegRNA_416	safe-target-7	2659.6080161063933	3151.2471922312634	2568.3221315136925	2465.614138073267	2602.1046218500887	2453.5313302144987
pegRNA_417	safe-target-8	2594.6175946601843	3271.5238026217694	2155.4802682249215	2644.182292919799	2848.124590543088	2582.0790674146538
pegRNA_418	safe-target-9	174.9742115859469	164.53840301421252	123.10965589073899	49.220709348723524	111.05603602442585	63.03783266546067
pegRNA_419	safe-target-10	403.94046560412886	676.435656836207	403.2902520558691	2030.6404275496636	2335.26164640251	1250.8683658322784
pegRNA_420	safe-target-11	303.95520184073064	308.87033548282	275.9354356171736	366.29365096724484	289.2084271469423	292.9405165041996
pegRNA_421	safe-target-12	50.9924845193331	37.52630244183794	53.064506849456464	58.378050622904645	46.27334834351077	16.068467150019387
pegRNA_422	safe-target-13	72.98924254728071	57.73277298744299	58.37095753440211	45.786706370905605	21.59422922697169	32.136934300038774
pegRNA_423	safe-target-14	2838.581638242876	3717.9905803913284	2511.0124641162797	2528.570859333262	3007.7676423282	2515.3331269453424
pegRNA_424	safe-target-15	283.958149088051	445.5045648864351	213.31931753481499	1953.9476943783968	2284.3609632246485	943.0954181126763
pegRNA_425	safe-target-16	6548.0349238649505	8589.674407648394	5806.318339467526	5757.67832614138	6793.698759299773	5757.455383445408
pegRNA_426	safe-target-17	5665.165044834144	7353.230852833989	4950.918489054287	4909.4795906203535	5624.525491153734	5034.374361694536
pegRNA_427	safe-target-18	6180.089153215645	7586.086370550009	5087.8249167258855	5432.59271090795	6596.26580636746	5350.799560956456
pegRNA_428	safe-target-19	4138.390067167053	5240.211361493575	4273.815381655223	3851.806673452434	4122.184114934417	3359.5456702886686
pegRNA_429	safe-target-20	3308.512377930848	4960.207412504477	3171.134929323518	3743.063245821533	4250.978267823856	3658.6663664659527
pegRNA_430	safe-target-21	2582.6193630085763	3121.4185928544175	2065.2706065808457	2583.514906978349	3259.9573908003335	2858.951116768834
pegRNA_431	safe-target-22	2212.673887084003	2811.586044488474	2056.7802854849324	2205.7745794183775	2268.9365137768114	2400.381785025973
pegRNA_432	safe-target-23	2850.5798698944836	3716.0661546250803	2557.7092301438015	2598.3955865488933	2894.3979388865987	2484.4322285799203
pegRNA_433	safe-target-24	27.995873853751505	9.622128831240499	16.980642191826067	4.5786706370905605	13.882004503053231	1.2360359346168759
pegRNA_434	safe-target-25	490.9276450782853	531.1415114844755	406.4741224668365	655.8945687632228	788.1893667844668	763.8702075932293
pegRNA_435	safe-target-26	254.9624225966655	310.7947612490681	229.23866958965192	651.3158981261322	785.1044768948993	531.4954518852567
pegRNA_436	safe-target-27	2673.6059530332686	3015.5751757107723	2331.6544309651167	1807.4302339914989	1877.9267202741455	2350.940347641298
pegRNA_437	safe-target-28	156.97686410853524	172.23610607920492	137.9677178085868	179.7128225058045	113.36970344160139	199.00178547331703
pegRNA_438	safe-target-29	231.96581193108392	217.46011158603525	199.52254575395628	133.9261161348989	104.88625624529108	149.56034808864197
pegRNA_439	safe-target-30	0.9998526376339824	11.546554597488598	0.0	0.0	18.509339337404306	0.0
pegRNA_440	safe-target-31	3047.5508395083784	4200.059234836478	2983.286575076442	2973.846578790319	3650.1959618306078	3244.594328369299
pegRNA_441	safe-target-32	3631.464779886624	4379.030831097551	3145.663966035779	3218.805457874664	3323.197633536465	3313.812340707844
pegRNA_442	safe-target-33	3622.4661061479183	4830.3086732827305	3634.9187191877677	3150.1253983183055	3177.4365862544064	3080.2015490652548
pegRNA_443	safe-target-34	60.99101089567292	63.50605028618729	48.81934630149994	35.48469743745184	70.95246746004985	61.8017967308438
pegRNA_444	safe-target-35	1991.7064541668929	2707.6670531110763	1963.386753429889	1771.9455365540468	2151.7106979732507	1912.147590852307
pegRNA_445	safe-target-36	1958.7113171249714	2641.274364175517	2053.596415073965	1818.8769105842252	2359.9407655190494	1826.8611113637426
pegRNA_446	safe-target-37	7225.93501218079	8759.023875078226	6935.531045223959	4943.819620398533	6233.791244343292	5862.518437887842
pegRNA_447	safe-target-38	5578.177865359988	6590.196036516618	4770.499165766136	4685.124729402916	5190.327239197125	4726.601413974933
pegRNA_448	safe-target-39	6992.969347612073	8476.133287439756	6169.2795663178085	4888.875572753446	5724.784412564674	5544.857202691305
pegRNA_449	safe-target-40	6105.100205393096	7460.998695743882	5487.931298370787	4373.775126080758	5315.265279724604	5009.653643002198
pegRNA_450	safe-target-41	1387.7954610359675	1762.7740018832594	1346.777183839205	1149.2463299097308	1618.795969550485	1302.7818750861873
pegRNA_451	safe-target-42	352.9479810847958	455.12669371767555	284.4257567130866	473.892410938873	2122.4042440223607	404.1837506197184
pegRNA_452	safe-target-43	414.9388446181027	441.6557133539389	358.71606630232566	504.7984377392343	651.68298917111	452.38915206977657
pegRNA_453	safe-target-44	3719.4518119984145	4495.4585899555605	2971.6123835695616	3911.3293917346114	5016.0309604365675	4098.69515918956
pegRNA_454	safe-target-45	4386.353521300281	5236.362509961079	4436.19277261456	3379.0589301728337	3912.4116024438354	3879.916798762373
pegRNA_455	safe-target-46	2739.5962271171115	3290.7680602842506	2621.3866383631494	2205.7745794183775	2133.9725811082385	2244.6412572642466
pegRNA_456	safe-target-47	1711.7477156293778	2372.816969783907	1770.2319484978675	1880.6889641849477	2079.2157855684172	1903.4953393099888
pegRNA_457	safe-target-48	1971.7094014142133	2062.0222085348387	1960.2028830189217	1630.0067468042396	1556.3269492867455	1688.4250866866525
pegRNA_458	safe-target-49	3161.5340401986523	3213.7910296343266	2975.8575441175185	2184.0258938921975	2404.6716689177765	2201.379999552656
pegRNA_459	safe-target-50	1281.8110814467655	1422.1506412573456	1140.8868972633138	845.909400202481	1192.3099423177941	928.2629868972738
pegRNA_460	non-target-1	3035.5526078567705	3150.284979348139	2818.786603843127	1800.562228035863	2037.5697720592575	2122.273699737176
pegRNA_461	non-target-2	1041.8464484146095	823.6542279541867	988.0611175368794	573.4784972955927	601.55352846564	573.5206736622304
pegRNA_462	non-target-3	0.0	0.0	1.0612901369891292	0.0	1.5424449447836923	0.0
pegRNA_463	non-target-4	584.9137930158797	563.8567495106932	513.6644263027385	571.1891619770474	422.6299148707317	592.0612126814835
pegRNA_464	non-target-5	1995.7058647174288	1586.6890442715583	2428.2318334311276	927.1808040108385	908.5000724775948	1554.9332057480299
pegRNA_465	non-target-6	1011.8508692855902	1195.06840084007	931.8127402764554	863.0794150915707	744.2296858581316	742.8575967047424
pegRNA_466	non-target-7	1602.7637781272738	1798.375878558849	1409.3933019215635	1064.5409231235553	1321.1040952072324	1271.8809767207654
pegRNA_467	non-target-8	1421.7904507155229	1843.5998840656796	1636.5093912372372	1006.1628725006507	1102.0769130479482	1119.8485567628895
pegRNA_468	non-target-9	685.8989094169119	661.0402507062222	682.4095580840101	497.93043178359846	520.5751688644962	666.2233687584961
pegRNA_469	non-target-10	2391.647509220486	2871.2432432421647	2407.006030691345	1446.859921320617	1703.6304415135883	1355.9314202747128
pegRNA_470	non-target-11	1528.774682942359	1574.1802767909455	1249.138491236205	1235.0964043551787	1122.1286973301362	1306.4899828900377
pegRNA_471	non-target-12	1389.7951663112356	1775.282769363872	1527.1965071273569	1011.8862107970139	1304.1372008146118	1076.587299051299
pegRNA_472	non-target-13	2492.632625621518	2736.533439604798	2501.4608528833774	1621.9940731893312	1521.6219380291125	1960.3529923023652
pegRNA_473	non-target-14	1687.751252326162	2040.8535251061098	1737.3319542512045	1252.2664192442683	1210.8192816551984	1532.684558924926
pegRNA_474	non-target-15	1653.7562626466067	1963.8764944561858	1473.0707101409114	804.701364468666	1217.7602839067251	1373.235923359349
pegRNA_475	non-target-16	1469.783377321954	1591.5001086871785	1455.0287778120962	1032.4902286639215	1038.065447839425	1130.9728801744413
pegRNA_476	non-target-17	1157.8293543801515	1007.4368886308802	1065.5352975370856	708.5492810897642	535.2283958399412	745.3296685739762
pegRNA_477	non-target-18	2732.5972586536736	3442.79769581785	2816.664023569149	1806.2855663322262	2400.0443340834254	2748.943918587932
pegRNA_478	non-target-19	2038.6995281356901	2247.7292949777802	2054.657705210954	1565.9053578849716	1429.8464638144828	1587.0701400480687
pegRNA_479	non-target-20	2482.6340992451783	2825.0570248522104	2543.9124583629427	1824.6002488805884	1945.023075372236	1730.4503084636262
pegRNA_480	non-target-21	2838.581638242876	3248.4306934267925	2837.8898263089313	1808.5749016507714	1873.2993854397944	2212.504322964208
pegRNA_481	non-target-22	2649.609489730053	3064.6480327500985	2641.5511509659427	1594.5220493667878	1611.8549672989584	1682.244907013568
pegRNA_482	non-target-23	3220.5253458190573	3733.3859865213135	3136.112354802877	2113.056499017294	2335.26164640251	2255.7655806757984
pegRNA_483	non-target-24	3223.524903731959	3369.6695167004227	3045.902693158801	1491.50196003225	1859.417380936741	2006.0863218831896
pegRNA_484	non-target-25	2078.6936336410495	2234.2583146140437	1949.5899816490303	1350.7078379417153	1523.1643829738962	1562.349421355731
pegRNA_485	non-target-26	1168.8277333941253	1145.0333309176194	1139.8256071263247	659.3285717410407	810.5548184838303	930.7350587665076
pegRNA_486	non-target-27	2284.6632769936496	2295.839939133983	1976.1222350737587	1476.6212804617057	1549.385947035219	1561.1133854211143
pegRNA_487	non-target-28	1619.7612729670514	1832.053329468191	1726.7190528813132	800.1226938315755	1121.3574748577444	1043.2143288166433
pegRNA_488	non-target-29	3345.5069255233047	3975.863633068574	3279.3865232964095	2335.122024916186	2462.5133543471647	2638.93672040703
pegRNA_489	non-target-30	3147.5361032717765	3550.565538727744	2971.6123835695616	2198.9065734627416	2330.6343115681593	2191.491712075721
pegRNA_490	non-target-31	4040.404508678923	4823.573183100862	3893.873512613115	2387.7767372427274	2679.2268690892734	2908.392554153509
pegRNA_491	non-target-32	2292.6620980947214	2351.648286355178	2114.089952882345	1504.0933042842491	1528.5629402806392	1498.0755527556535
pegRNA_492	non-target-33	1461.7845562208822	1754.1140859351428	1428.496524387368	1112.6169648130062	1043.464005146168	1180.4143175591164
pegRNA_493	non-target-34	1943.7135275604617	1901.3326570531226	1767.0480780869002	1587.6540434111519	1584.090958292852	1713.14580537899
pegRNA_494	non-target-35	2382.6488354817798	2368.968118251411	2006.8996490464433	1575.0626991591528	1556.3269492867455	1697.0773382289706
pegRNA_495	non-target-36	3279.5166514394623	3579.4319252214655	2985.4091553504204	1763.9328629391384	2246.571062077448	2142.050274691046
pegRNA_496	non-target-37	1824.7310636820177	2145.734729366631	1719.2900219223893	1055.3835818493742	1243.210625495656	1439.9818638286604
pegRNA_497	non-target-38	1412.7917769768171	1525.107419751619	1376.4933076749005	1015.3202137748318	998.7331017474407	1216.2593596630059
pegRNA_498	non-target-39	2964.5630705847575	3435.099992752858	2923.854327405051	2031.7850952089364	2168.6775923658715	2317.567377406642
pegRNA_499	non-target-40	2607.615678949426	2766.3620389816433	2451.5802164448887	1551.0246783144273	1847.0778213784715	2390.493497549038
pegRNA_500	non-target-41	1453.7857351198104	1659.817223388986	1447.5997468531723	1221.3603924439071	1090.5085759620704	1242.2161142899602
