id	num	neg|score	neg|p-value	neg|fdr	neg|rank	neg|goodsgrna	neg|lfc	pos|score	pos|p-value	pos|fdr	pos|rank	pos|goodsgrna	pos|lfc
safe-target-19	3	0.001007	0.015544	1.0	1	1	0.038502	0.69481	0.76014	1.0	119	1	0.038502
p.R234W	15	0.0010488	0.1413	1.0	2	10	-0.39056	0.1358	0.46148	1.0	55	3	-0.39056
p.M550K	15	0.0012511	0.14402	1.0	3	10	-0.38931	0.95453	0.99442	1.0	155	2	-0.38931
E192E	6	0.0051458	0.089194	1.0	4	5	-0.47045	0.92428	0.95353	1.0	146	1	-0.47045
p.A510V	15	0.0069121	0.26311	1.0	5	10	-0.55928	0.57709	0.90744	1.0	107	4	-0.55928
p.G558R	15	0.0096472	0.2941	1.0	6	7	-0.26066	0.88818	0.98621	1.0	140	3	-0.26066
safe-target-16	3	0.01104	0.13894	1.0	7	1	0.19327	0.017993	0.044659	0.562019	23	2	0.19327
p.G430C	15	0.012383	0.30757	1.0	8	8	-0.23004	0.35233	0.74517	1.0	93	4	-0.23004
p.S45F	15	0.015502	0.39411	1.0	9	8	-0.41694	0.75518	0.96215	1.0	128	3	-0.41694
G186G	6	0.016929	0.23754	1.0	10	4	-0.41373	0.89203	0.93426	1.0	142	1	-0.41373
G332G	6	0.018213	0.27416	1.0	11	3	-0.25486	0.67884	0.86563	1.0	117	2	-0.25486
p.G333C	15	0.024119	0.42454	1.0	12	8	-0.51806	0.20427	0.62465	1.0	71	4	-0.51806
p.G462V	15	0.027041	0.46429	1.0	13	9	-0.43308	0.73599	0.95618	1.0	125	2	-0.43308
p.V465L	15	0.029923	0.47683	1.0	14	7	-0.27063	0.99127	0.99855	1.0	161	1	-0.27063
p.E192K	15	0.032373	0.48527	1.0	15	6	-0.20304	0.98642	0.99844	1.0	159	2	-0.20304
safe-target-38	3	0.032877	0.21716	1.0	16	1	0.049267	0.26841	0.4701	1.0	76	2	0.049267
G378G	6	0.032935	0.30305	1.0	17	4	-0.90057	0.953	0.96727	1.0	154	0	-0.90057
safe-target-17	3	0.044651	0.24398	1.0	18	1	0.11678	0.073701	0.16277	0.890051	42	2	0.11678
p.Glu82Asp	15	0.045085	0.58377	1.0	19	6	0.037883	0.024649	0.16503	0.890051	25	7	0.037883
S102S	6	0.049918	0.39504	1.0	20	2	-0.047527	0.83612	0.91141	1.0	134	1	-0.047527
p.G332C	15	0.051067	0.61642	1.0	21	6	-0.11472	0.034684	0.20728	0.99691	32	3	-0.11472
V465V	6	0.054893	0.41042	1.0	22	3	-0.403	0.98197	0.98438	1.0	158	0	-0.403
p.Arg34Gly	15	0.055822	0.62822	1.0	23	6	-0.062485	0.10979	0.41576	1.0	50	4	-0.062485
p.P278L	15	0.059058	0.63226	1.0	24	8	-0.30719	0.27438	0.69291	1.0	79	2	-0.30719
p.S102L	15	0.062215	0.63397	1.0	25	4	-0.064726	0.89134	0.98622	1.0	141	2	-0.064726
H311H	6	0.062502	0.41043	1.0	26	3	-0.30686	0.584	0.7976	1.0	108	1	-0.30686
V369V	5	0.064955	0.3944	1.0	27	3	-0.89861	0.66776	0.81376	1.0	116	1	-0.89861
p.W252L	15	0.068777	0.63655	1.0	28	8	-0.13082	0.84447	0.98228	1.0	135	2	-0.13082
H210H	6	0.069174	0.41562	1.0	29	3	-0.18314	0.94909	0.96421	1.0	151	0	-0.18314
p.G364C	15	0.072755	0.6478	1.0	30	8	-0.41896	0.13652	0.46659	1.0	57	5	-0.41896
safe-target-24	3	0.073667	0.28427	1.0	31	2	-0.4822	0.8775	0.87493	1.0	138	0	-0.4822
p.Gly31Glu	15	0.073818	0.64781	1.0	32	4	0.081906	0.051087	0.24565	1.0	36	8	0.081906
Q163Q	6	0.080948	0.45733	1.0	33	4	-0.27625	0.91123	0.9499	1.0	145	1	-0.27625
safe-target-18	3	0.085107	0.28428	1.0	34	1	0.17382	0.019804	0.047299	0.562019	24	2	0.17382
p.H311R	15	0.087685	0.67827	1.0	35	6	-0.12395	0.024891	0.16504	0.890051	26	5	-0.12395
P278P	6	0.088117	0.46733	1.0	36	4	-0.49057	0.67993	0.86563	1.0	118	1	-0.49057
p.S508R	15	0.091544	0.68145	1.0	37	6	-0.094957	0.96033	0.995	1.0	156	2	-0.094957
p.R536C	9	0.10281	0.5845	1.0	38	5	-0.28065	0.98681	0.99242	1.0	160	0	-0.28065
safe-target-13	3	0.10957	0.33338	1.0	39	1	0.31295	0.19437	0.36503	1.0	70	1	0.31295
G524G	6	0.11138	0.5058	1.0	40	3	-0.016963	0.30764	0.59603	1.0	84	2	-0.016963
p.Y572C	15	0.11879	0.73135	1.0	41	3	0.032648	0.314	0.71459	1.0	86	5	0.032648
p.R601L	15	0.11891	0.73135	1.0	42	6	0.18836	0.27601	0.69291	1.0	80	6	0.18836
p.G378C	15	0.12224	0.73136	1.0	43	5	-0.24589	0.37868	0.78989	1.0	96	3	-0.24589
G558G	6	0.12402	0.50581	1.0	44	3	-0.26909	0.94006	0.96119	1.0	149	0	-0.26909
p.C297F	15	0.13652	0.75497	1.0	45	3	-0.17469	0.92685	0.99336	1.0	147	3	-0.17469
safe-target-32	3	0.14997	0.39253	1.0	46	1	0.08469	0.16435	0.33248	1.0	64	2	0.08469
p.G186C	15	0.1578	0.77856	1.0	47	4	0.12856	0.13626	0.46659	1.0	56	6	0.12856
G430G	6	0.15973	0.54341	1.0	48	2	-0.14548	0.77818	0.8923	1.0	130	1	-0.14548
safe-target-50	3	0.1726	0.42803	1.0	49	2	-0.12634	0.27361	0.47011	1.0	78	1	-0.12634
p.P278S	15	0.17824	0.80756	1.0	50	7	-0.34306	0.21229	0.63499	1.0	72	3	-0.34306
p.W403C	15	0.1784	0.80756	1.0	51	5	-0.023219	0.072947	0.31771	1.0	40	3	-0.023219
safe-target-14	3	0.1821	0.43829	1.0	52	2	-0.080454	0.70831	0.77728	1.0	121	1	-0.080454
safe-target-15	3	0.1821	0.43829	1.0	53	1	-0.035004	0.26871	0.4701	1.0	77	1	-0.035004
A184A	6	0.18353	0.54342	1.0	54	2	0.054116	0.33585	0.63188	1.0	90	3	0.054116
p.W450L	15	0.19248	0.81359	1.0	55	5	0.0013258	0.70347	0.95173	1.0	120	3	0.0013258
safe-target-3	3	0.19437	0.46128	1.0	56	2	-0.091708	0.89454	0.89254	1.0	143	0	-0.091708
p.Y300C	15	0.19601	0.81675	1.0	57	4	-0.01152	0.37636	0.78989	1.0	95	6	-0.01152
R413R	6	0.19941	0.58212	1.0	58	3	0.060144	0.027631	0.10964	0.76372	29	3	0.060144
safe-target-41	3	0.20479	0.46129	1.0	59	1	0.034465	0.056329	0.14009	0.890051	38	1	0.034465
safe-target-1	3	0.20825	0.46691	1.0	60	1	0.17834	0.086418	0.16278	0.890051	45	2	0.17834
G364G	6	0.20964	0.59673	1.0	61	2	-0.16186	0.97657	0.97875	1.0	157	0	-0.16186
C171C	6	0.20974	0.59673	1.0	62	3	-0.27981	0.16652	0.3856	1.0	66	3	-0.27981
N238N	6	0.22859	0.62227	1.0	63	3	-0.046075	0.40993	0.69038	1.0	98	2	-0.046075
S45S	6	0.23333	0.63231	1.0	64	2	0.48894	0.11334	0.3259	1.0	52	4	0.48894
L237L	6	0.2346	0.63231	1.0	65	3	-0.25982	0.50461	0.74899	1.0	105	1	-0.25982
p.G480R	15	0.24393	0.8386	1.0	66	5	-0.072414	0.86948	0.98508	1.0	137	3	-0.072414
G480G	6	0.24679	0.64329	1.0	67	3	-0.089186	0.41039	0.69038	1.0	99	2	-0.089186
p.G480W	15	0.24968	0.83861	1.0	68	4	-0.0099571	0.73998	0.95913	1.0	126	3	-0.0099571
R240R	6	0.27025	0.67346	1.0	69	2	-0.12356	0.077725	0.21269	0.999134	43	2	-0.12356
R234R	6	0.28326	0.68247	1.0	70	3	-0.15784	0.476	0.72953	1.0	103	2	-0.15784
S508S	6	0.28329	0.68247	1.0	71	2	0.14737	0.64773	0.85577	1.0	114	2	0.14737
p.A184G	15	0.28661	0.85654	1.0	72	4	0.053577	4.9369e-08	4.9804e-06	0.000503	1	6	0.053577
safe-target-26	3	0.29935	0.55436	1.0	73	1	0.20793	0.12732	0.26072	1.0	54	2	0.20793
safe-target-4	3	0.30094	0.55436	1.0	74	1	0.010977	0.60284	0.69049	1.0	110	1	0.010977
p.L281M	15	0.31433	0.86778	1.0	75	6	0.071334	0.73311	0.95618	1.0	124	4	0.071334
p.Q163L	15	0.32745	0.87202	1.0	76	5	-0.1924	0.91071	0.98984	1.0	144	2	-0.1924
p.V369L	15	0.33155	0.8742	1.0	77	5	0.38157	0.0017198	0.02152	0.343523	5	7	0.38157
safe-target-7	3	0.34444	0.57312	1.0	78	1	-0.049173	0.65779	0.73371	1.0	115	1	-0.049173
p.Glu79Gln	15	0.34934	0.88428	1.0	79	5	0.028307	0.71393	0.95438	1.0	122	4	0.028307
G333G	6	0.35377	0.74088	1.0	80	1	0.096325	0.35475	0.65176	1.0	94	3	0.096325
H274H	6	0.35405	0.74088	1.0	81	2	-0.18325	0.95075	0.96422	1.0	153	0	-0.18325
p.R240L	12	0.3573	0.85845	1.0	82	5	-0.15629	0.33903	0.71262	1.0	91	3	-0.15629
safe-target-20	3	0.37142	0.59981	1.0	83	1	0.061728	0.24344	0.42934	1.0	75	2	0.061728
I416I	3	0.37438	0.59982	1.0	84	1	-0.18317	0.8246	0.83432	1.0	132	0	-0.18317
R71R	6	0.37857	0.74089	1.0	85	1	0.033592	0.34797	0.64643	1.0	92	3	0.033592
safe-target-12	3	0.38464	0.60953	1.0	86	1	1.0176	0.0030191	0.0074158	0.249665	9	2	1.0176
p.N414I	15	0.39147	0.90482	1.0	87	2	0.20349	0.00098229	0.014737	0.276111	3	8	0.20349
p.R362Q	15	0.39668	0.90482	1.0	88	4	0.44605	0.10098	0.41072	1.0	49	8	0.44605
p.H210P	15	0.40288	0.90561	1.0	89	5	-0.11636	0.75015	0.96214	1.0	127	3	-0.11636
safe-target-43	3	0.42595	0.61869	1.0	90	1	0.052747	0.46537	0.5934	1.0	101	1	0.052747
p.R320Q	15	0.4278	0.92399	1.0	91	2	0.44984	0.0076641	0.066593	0.584857	16	8	0.44984
p.R413C	15	0.43145	0.92399	1.0	92	3	0.19522	0.15774	0.50398	1.0	63	7	0.19522
safe-target-2	3	0.44793	0.6187	1.0	93	1	0.10367	0.55886	0.66384	1.0	106	1	0.10367
p.R71W	15	0.44864	0.92713	1.0	94	4	-0.14763	0.39131	0.81658	1.0	97	5	-0.14763
safe-target-10	3	0.45063	0.6187	1.0	95	1	0.34249	0.009296	0.025226	0.36397	19	2	0.34249
P361P	6	0.458	0.79491	1.0	96	2	0.25814	0.31058	0.59604	1.0	85	3	0.25814
p.N238K	15	0.46024	0.92714	1.0	97	4	-0.0061373	0.82778	0.97778	1.0	133	4	-0.0061373
safe-target-42	3	0.46802	0.62817	1.0	98	1	0.077357	0.001007	0.0014991	0.075704	4	1	0.077357
R362R	5	0.48185	0.77917	1.0	99	2	0.11023	0.11213	0.28938	1.0	51	2	0.11023
safe-target-44	3	0.48503	0.63776	1.0	100	1	0.17008	0.040522	0.10939	0.76372	35	2	0.17008
p.I416F	15	0.49608	0.93643	1.0	101	3	0.11023	0.014826	0.10286	0.76372	21	6	0.11023
safe-target-27	3	0.50294	0.65601	1.0	102	1	0.068916	0.47591	0.60224	1.0	102	1	0.068916
Y300Y	6	0.52447	0.81397	1.0	103	2	0.33464	0.094751	0.27832	1.0	48	3	0.33464
R272R	6	0.53195	0.81842	1.0	104	2	-0.15719	0.31775	0.61788	1.0	88	2	-0.15719
safe-target-28	3	0.55063	0.66519	1.0	105	1	0.34863	0.14087	0.27432	1.0	59	2	0.34863
safe-target-6	3	0.55181	0.66519	1.0	106	1	0.19406	0.035925	0.095459	0.76372	33	2	0.19406
R415R	6	0.55404	0.82429	1.0	107	1	0.49866	0.015203	0.057488	0.584857	22	5	0.49866
R601R	6	0.55609	0.82429	1.0	108	1	0.5441	0.0028127	0.015036	0.276111	8	4	0.5441
safe-target-33	3	0.56351	0.67452	1.0	109	1	0.04468	0.60393	0.69049	1.0	111	1	0.04468
safe-target-5	3	0.57614	0.67452	1.0	110	1	0.14079	0.17182	0.33248	1.0	67	2	0.14079
R320R	6	0.5917	0.85474	1.0	111	1	0.31871	0.091844	0.272	1.0	47	4	0.31871
safe-target-48	3	0.59186	0.67453	1.0	112	1	0.1076	0.19177	0.36503	1.0	69	2	0.1076
A510A	6	0.59393	0.85946	1.0	113	2	-0.0056378	0.94703	0.9612	1.0	150	0	-0.0056378
p.L237V	15	0.61789	0.96185	1.0	114	4	0.14297	0.3297	0.72318	1.0	89	6	0.14297
Y572Y	6	0.622	0.8686	1.0	115	2	0.15277	0.060855	0.18488	0.910855	39	2	0.15277
R260R	6	0.63431	0.87309	1.0	116	2	-0.2355	0.84696	0.91142	1.0	136	1	-0.2355
safe-target-9	3	0.64481	0.71265	1.0	117	1	0.48031	0.16638	0.33248	1.0	65	2	0.48031
p.W252C	15	0.64992	0.96823	1.0	118	4	-0.14365	0.77658	0.9667	1.0	129	4	-0.14365
G462G	6	0.65082	0.87755	1.0	119	1	0.037136	0.59251	0.80866	1.0	109	2	0.037136
safe-target-45	3	0.67236	0.75857	1.0	120	1	0.035734	0.2372	0.41961	1.0	74	1	0.035734
p.C171F	15	0.67503	0.97039	1.0	121	3	0.2057	0.007363	0.065298	0.584857	15	9	0.2057
p.V568F	15	0.68481	0.97092	1.0	122	4	-0.032928	0.60489	0.91999	1.0	112	5	-0.032928
p.M161I	15	0.70347	0.97506	1.0	123	4	0.014694	0.79414	0.96988	1.0	131	4	0.014694
R536R	6	0.71132	0.882	1.0	124	1	-0.1124	0.93234	0.95739	1.0	148	0	-0.1124
p.G603V	15	0.71436	0.97582	1.0	125	4	0.22431	0.02656	0.16744	0.890051	28	8	0.22431
safe-target-25	3	0.71447	0.76818	1.0	126	0	-0.063821	0.88764	0.88114	1.0	139	0	-0.063821
p.P361L	15	0.73888	0.97956	1.0	127	2	0.44796	0.029106	0.18367	0.910855	31	8	0.44796
safe-target-23	3	0.74478	0.76819	1.0	128	0	0.029015	0.31669	0.52255	1.0	87	1	0.029015
p.R260L	15	0.76321	0.98067	1.0	129	4	-0.096662	0.43732	0.83413	1.0	100	5	-0.096662
p.R413L	15	0.7636	0.98067	1.0	130	4	0.02354	0.49702	0.87265	1.0	104	5	0.02354
V568V	6	0.76883	0.8949	1.0	131	1	-0.0044216	0.95009	0.96422	1.0	152	0	-0.0044216
V155V	6	0.77818	0.89937	1.0	132	1	0.19474	0.63295	0.83911	1.0	113	2	0.19474
safe-target-40	3	0.77881	0.7773	1.0	133	0	0.092027	0.1409	0.27432	1.0	60	2	0.092027
safe-target-29	3	0.80225	0.79489	1.0	134	0	-0.040111	0.073667	0.16277	0.890051	41	1	-0.040111
G603G	6	0.80642	0.90346	1.0	135	1	0.19516	0.14902	0.3795	1.0	62	3	0.19516
p.R320L	15	0.81959	0.98532	1.0	136	2	0.3335	0.0061535	0.058335	0.584857	13	10	0.3335
p.G524C	15	0.83493	0.98659	1.0	137	3	0.055194	0.30409	0.70186	1.0	83	6	0.055194
safe-target-37	3	0.83932	0.84221	1.0	138	0	0.076038	0.14272	0.27432	1.0	61	2	0.076038
safe-target-11	3	0.84866	0.85612	1.0	139	0	0.075696	0.18386	0.33981	1.0	68	1	0.075696
C297C	6	0.8572	0.91661	1.0	140	1	0.19576	0.28197	0.55964	1.0	81	3	0.19576
p.H274R	15	0.86386	0.98891	1.0	141	2	0.71022	0.0019168	0.022108	0.343523	6	11	0.71022
safe-target-49	3	0.86729	0.87619	1.0	142	0	0.13119	0.13797	0.27431	1.0	58	2	0.13119
safe-target-46	3	0.87093	0.87619	1.0	143	0	0.059824	0.28495	0.48798	1.0	82	1	0.059824
L281L	6	0.89076	0.9424	1.0	144	1	0.071598	0.72943	0.8734	1.0	123	1	0.071598
safe-target-8	3	0.89227	0.88795	1.0	145	0	0.22337	0.02503	0.064063	0.584857	27	2	0.22337
safe-target-22	3	0.89363	0.88796	1.0	146	0	0.16358	0.088218	0.16278	0.890051	46	2	0.16358
p.S224F	15	0.90528	0.99309	1.0	147	1	0.66467	1.1104e-05	0.00037353	0.025151	2	12	0.66467
p.R272C	15	0.91488	0.99411	1.0	148	2	0.30694	0.028518	0.17964	0.910855	30	7	0.30694
safe-target-35	3	0.91546	0.90885	1.0	149	0	0.41192	0.0049769	0.013641	0.276111	10	2	0.41192
safe-target-47	3	0.91966	0.91358	1.0	150	0	0.065864	0.11515	0.24787	1.0	53	1	0.065864
p.V155F	15	0.92802	0.99456	1.0	151	2	0.25498	0.011962	0.088765	0.747108	20	10	0.25498
N414N	6	0.92973	0.94665	1.0	152	0	0.33995	0.07979	0.21921	1.0	44	4	0.33995
safe-target-31	3	0.93005	0.91359	1.0	153	0	0.16783	0.052847	0.1307	0.880047	37	2	0.16783
p.R71L	15	0.93916	0.99457	1.0	154	2	0.11806	0.23698	0.66591	1.0	73	7	0.11806
safe-target-39	3	0.94376	0.92654	1.0	155	0	0.15864	0.037567	0.10613	0.76372	34	2	0.15864
safe-target-36	3	0.95426	0.93469	1.0	156	0	0.40495	0.0056349	0.013641	0.276111	11	2	0.40495
safe-target-21	3	0.95478	0.93469	1.0	157	0	0.30391	0.0068814	0.014697	0.276111	14	2	0.30391
p.R415H	15	0.98613	0.9983	1.0	158	1	0.33968	0.0058215	0.056134	0.584857	12	9	0.33968
safe-target-30	1	0.99093	1.0	1.0	159	0	3.2485	0.0090665	4.9804e-06	0.000503	17	1	3.2485
S224S	6	0.99336	0.99255	1.0	160	0	0.37351	0.0092008	0.039519	0.532193	18	5	0.37351
safe-target-34	3	0.99752	0.99614	1.0	161	0	1.0172	0.0024782	0.0040092	0.161972	7	3	1.0172
