sgRNA	Gene	REP1_Q1	REP2_Q1	REP3_Q1	REP1_Q4	REP2_Q4	REP3_Q4
pegRNA_1	p.R601L	106.2972870223911	115.84453825716895	78.40156904717004	121.26167343070686	83.91207703982332	112.13303450776468
pegRNA_2	p.R601L	333.1512532287136	336.8637230899255	292.9742843341617	386.4507536436546	387.52122851118406	374.57205144083093
pegRNA_3	p.R601L	171.11270593848323	110.50959241637827	103.15995927259216	148.46055345254766	133.4964861997189	118.09755761987981
pegRNA_4	p.R601L	25.926167566436856	104.41251145547464	69.11717271263674	49.86461337337479	75.52086933584098	58.45232649872839
pegRNA_5	p.R601L	181.48317296505797	187.4852395477866	210.446316916088	99.72922674674957	121.2910931757446	102.58979752838044
pegRNA_6	p.V155F	442.0411570077484	320.0967504474405	446.68262365032405	496.3795603985945	411.93201455913265	533.2283662230938
pegRNA_7	p.V155F	626.1169467294501	548.7372864813266	557.0637800719977	645.9734005187188	686.5533575985544	628.660736016936
pegRNA_8	p.V155F	85.55635296924162	60.97080960903629	75.30677026899228	123.52824676586027	93.06612180780404	118.09755761987981
pegRNA_9	p.V155F	53.14864351119555	43.441701846438356	40.23238411631094	37.39846003003109	33.56483081592933	50.10199414176719
pegRNA_10	p.V155F	59.63018540280477	86.12126857276375	67.05397352718491	60.06419338156508	55.68710567188275	81.11751432476593
pegRNA_11	p.G333C	41.48186810629897	37.344620885534724	26.821589410873962	23.799020019110692	25.173623111946995	66.80265885568959
pegRNA_12	p.G333C	99.81574513078189	154.71342938292958	209.41471732336208	185.85901348257875	141.88769390370123	135.99112695622523
pegRNA_13	p.G333C	19.44462567482764	70.11643105039172	61.8959755635553	27.198880021840793	47.295897967900416	39.36585253995994
pegRNA_14	p.G333C	140.00130485875903	185.19883418744772	114.5075547925773	97.46265341159618	106.03435189577674	125.25498535441798
pegRNA_15	p.G333C	28.518784323080542	40.39316136598654	29.916388189051727	47.598040038221384	17.545252471963057	22.66518782603754
pegRNA_16	p.G186C	158.1496221552648	197.39299610925497	189.81432506156958	270.85551355083123	215.88288911154544	245.73835221914385
pegRNA_17	p.G186C	114.07513729232217	156.99983474326845	198.06712180337695	130.32796677132046	139.59918271170608	124.06208073199495
pegRNA_18	p.G186C	242.4096667461846	235.49975211490266	232.10990836333235	386.4507536436546	305.1348255993575	343.5565312578322
pegRNA_19	p.G186C	84.26004459091978	133.37364601976688	88.71756497442925	79.33006673036898	70.18100988785223	107.36141601807256
pegRNA_20	p.G186C	50.556026754551866	69.35429593027878	62.92757515628122	52.13118670852819	33.56483081592933	45.33037565207508
pegRNA_21	p.G364C	1.2963083783218428	7.621351201129536	3.094798778177765	4.533146670306799	0.7628370639983938	1.1929046224230284
pegRNA_22	p.G364C	51.85233513287371	64.78148520960106	30.94798778177765	38.53174669760779	114.42555959975907	48.909089519344164
pegRNA_23	p.G364C	3.888925134965528	2.2864053603388608	2.063199185451843	2.2665733351533994	12.968230087972694	0.0
pegRNA_24	p.G364C	9.074158648252899	25.15045896372747	15.473993890888824	64.59734005187188	13.731067151971088	2.385809244846057
pegRNA_25	p.G364C	23.33355080979317	30.485404804518144	29.916388189051727	24.932306686687394	26.699297239943782	21.472283203614513
pegRNA_26	p.G430C	9.074158648252899	17.52910776259793	18.56879266906659	20.399160016380595	12.2053930239743	25.050997070883597
pegRNA_27	p.G430C	50.556026754551866	53.34945840790675	87.68596538170334	38.53174669760779	72.46952107984741	101.39689290595742
pegRNA_28	p.G430C	0.0	3.810675600564768	0.0	1.1332866675766997	1.5256741279967876	9.543236979384227
pegRNA_29	p.G430C	298.1509270140238	342.9608040508291	255.83669899602856	143.92740678224087	217.40856323954222	150.30598242530158
pegRNA_30	p.G430C	150.37177188533377	194.34445562880316	165.05593483614746	128.06139343616707	123.57960436773979	140.76274544591735
pegRNA_31	p.R272C	5.185233513287371	11.432026801694304	1.0315995927259216	29.465453356994193	19.833763663958237	19.086473958768455
pegRNA_32	p.R272C	33.70401783636791	43.441701846438356	37.13758533813318	41.93160670033789	35.85334200792451	63.223944988420506
pegRNA_33	p.R272C	46.66710161958634	28.198999444179282	27.853189003599883	38.53174669760779	23.647948983950208	15.50776009149937
pegRNA_34	p.R272C	71.29696080770135	62.4950798492622	88.71756497442925	72.53034672490878	108.32286308777192	66.80265885568959
pegRNA_35	p.R272C	55.74126026783924	101.36397097502282	62.92757515628122	81.59664006552238	88.48909942381368	88.27494205930411
pegRNA_36	p.G480W	457.5968575476105	467.18882862924056	384.78664808676876	458.9811003685634	443.9711712470652	453.3037565207508
pegRNA_37	p.G480W	296.85461863570197	255.31526523783944	205.2883189524584	254.98950020475743	211.30586672755507	268.4035400451814
pegRNA_38	p.G480W	133.5197629671498	130.32510553931508	285.7530871850803	132.59454010647386	138.83634564770767	164.62083789437793
pegRNA_39	p.G480W	285.1878432308054	280.4657242015669	268.21589410873963	267.4556535481011	345.5651899912724	246.9312568415669
pegRNA_40	p.G480W	51.85233513287371	54.873728648132655	99.03356090168847	53.26447337610489	61.026965119871505	48.909089519344164
pegRNA_41	p.R320L	98.51943675246005	93.7426197738933	59.83277637810345	126.92810676859037	125.86811555973497	99.01108366111136
pegRNA_42	p.R320L	49.259718376230026	35.05821552519586	19.60039226179251	62.330766716718486	59.50129099187472	59.64523112115142
pegRNA_43	p.R320L	35.00032621468976	52.5873232877938	38.1691849308591	35.13188669487769	84.6749141038217	21.472283203614513
pegRNA_44	p.R320L	260.5579840426904	101.36397097502282	105.223158458044	194.92530682319236	234.19097864750688	126.44788997684101
pegRNA_45	p.R320L	89.44527810420715	79.26205249174717	58.801176785377535	107.66223341978647	77.04654346383778	63.223944988420506
pegRNA_46	p.R320Q	107.59359540071294	178.33961810643115	90.7807641598811	147.32726678497096	199.86331076757918	81.11751432476593
pegRNA_47	p.R320Q	35.00032621468976	44.20383696655131	33.01118696722949	91.79622007371268	83.14923997582493	56.06651725388234
pegRNA_48	p.R320Q	25.926167566436856	32.771810164857	39.20078452358502	94.06279340886607	67.89249869585704	59.64523112115142
pegRNA_49	p.R320Q	151.6680802636556	125.75229481863734	140.29754461072534	171.12628680408164	236.47948983950207	134.79822233380222
pegRNA_50	p.R320Q	101.11205350910373	55.63586376824561	49.51678045084424	56.66433337883498	59.50129099187472	20.279378581191484
pegRNA_51	p.R362Q	5.185233513287371	18.291242882710886	16.505593483614746	13.599440010920397	29.75064549593736	45.33037565207508
pegRNA_52	p.R362Q	27.2224759447587	11.432026801694304	10.315995927259216	12.466153343343697	17.545252471963057	9.543236979384227
pegRNA_53	p.R362Q	84.26004459091978	58.684404248697426	26.821589410873962	58.930906713988385	35.85334200792451	46.523280274498106
pegRNA_54	p.R362Q	47.96340999790818	32.771810164857	5.157997963629608	39.66503336518449	45.00738677590523	8.350332356961198
pegRNA_55	p.R362Q	25.926167566436856	3.810675600564768	12.37919511271106	20.399160016380595	16.01957834396627	2.385809244846057
pegRNA_56	p.G462V	54.4449518895174	101.36397097502282	67.05397352718491	79.33006673036898	55.68710567188275	62.03104036599748
pegRNA_57	p.G462V	66.11172729441398	61.73294472914924	81.4963678253478	64.59734005187188	40.43036439191487	65.60975423326656
pegRNA_58	p.G462V	86.85266134756347	116.6066733772819	230.04670917788053	150.72712678770105	134.2593232637173	133.60531771137917
pegRNA_59	p.G462V	103.70467026574742	137.18432162033164	173.30873157795483	66.86391338702528	94.59179593580083	76.34589583507382
pegRNA_60	p.G462V	20.740934053149484	31.2475399246311	43.32718289448871	23.799020019110692	22.885111919951814	27.436806315729655
pegRNA_61	p.C297F	85.55635296924162	105.1746465755876	89.74916456715518	62.330766716718486	93.06612180780404	89.46784668172712
pegRNA_62	p.C297F	23.33355080979317	25.15045896372747	51.57997963629608	23.799020019110692	19.833763663958237	33.40132942784479
pegRNA_63	p.C297F	27.2224759447587	31.2475399246311	48.48518085811831	37.39846003003109	28.22497136794057	38.17294791753691
pegRNA_64	p.C297F	81.6674278342761	85.35913345265081	72.2119714908145	97.46265341159618	72.46952107984741	60.83813574357445
pegRNA_65	p.C297F	528.8938183553119	424.50926190291517	358.9966582686207	324.1199869269361	425.66308171110376	434.21728256198236
pegRNA_66	p.G332C	42.77817648462081	58.684404248697426	69.11717271263674	28.33216668941749	10.679718895977514	48.909089519344164
pegRNA_67	p.G332C	243.70597512450644	189.00950978801248	200.1303209888288	261.78922021021765	238.76800103149725	176.54988411860822
pegRNA_68	p.G332C	185.37209810002352	233.2133467545638	238.2995059196879	171.12628680408164	127.39378968773177	157.46341015983975
pegRNA_69	p.G332C	1.2963083783218428	48.77664768722903	24.75839022542212	37.39846003003109	29.75064549593736	29.82261556057571
pegRNA_70	p.G332C	31.111401079724224	39.631026245873585	31.97958737450357	38.53174669760779	61.026965119871505	31.01552018299874
pegRNA_71	p.P278S	2.5926167566436855	13.718432162033164	31.97958737450357	19.265873348803893	20.596600727956634	28.629710938152684
pegRNA_72	p.P278S	10.370467026574742	6.097080960903629	13.410794705436981	7.933006673036898	3.814185319991969	5.964523112115142
pegRNA_73	p.P278S	41.48186810629897	32.771810164857	53.643178821747924	29.465453356994193	40.43036439191487	31.01552018299874
pegRNA_74	p.P278S	63.519110537770295	58.684404248697426	63.95917474900714	49.86461337337479	42.718875583910055	56.06651725388234
pegRNA_75	p.P278S	300.74354377066754	292.6598861233742	341.45946519228005	372.8513136327342	283.77538780740247	238.58092448460567
pegRNA_76	p.R413C	204.81672377485117	208.06288779083633	220.76231284334722	259.52264687506425	202.15182195957436	252.89577995368202
pegRNA_77	p.R413C	155.55700539862113	163.09691570417206	192.90912383974734	234.59034018837684	180.02954710362093	165.81374251680094
pegRNA_78	p.R413C	108.8899037790348	56.397998888358565	41.263983709036864	56.66433337883498	65.60398750386187	41.751661784806
pegRNA_79	p.R413C	334.4475616070354	267.5094271596467	184.65632709793996	247.05649353172055	318.1030556873302	200.40797656706877
pegRNA_80	p.R413C	92.03789486085084	107.46105193592646	78.40156904717004	141.66083344708747	144.93904215969482	113.3259391301877
pegRNA_81	p.R413L	234.63181647625353	155.47556450304253	221.79391243607316	207.39146016653604	210.5430296635567	225.45897363795237
pegRNA_82	p.R413L	169.8163975601614	144.80567282146117	137.20274583254758	186.99230015015544	113.66272253576068	125.25498535441798
pegRNA_83	p.R413L	36.296634593011596	41.917431606212446	24.75839022542212	46.46475337064469	49.5844091598956	16.700664713922396
pegRNA_84	p.R413L	124.4456043188969	79.26205249174717	71.1803718980886	125.79482010101367	136.5478344557125	106.16851139564953
pegRNA_85	p.R413L	178.8905562084143	130.32510553931508	161.9611360579697	168.85971346892825	154.85592399167393	102.58979752838044
pegRNA_86	p.L237V	84.26004459091978	116.6066733772819	116.57075397802915	121.26167343070686	104.50867776777994	95.43236979384227
pegRNA_87	p.L237V	80.37111945595426	87.64553881298966	58.801176785377535	65.73062671944858	96.88030712779602	67.99556347811262
pegRNA_88	p.L237V	233.3355080979317	287.3249402825835	270.27909329419145	256.12278687233413	192.99777719159363	305.3835833402953
pegRNA_89	p.L237V	6.481541891609214	4.5728107206777215	9.284396334533294	12.466153343343697	9.916881831979119	20.279378581191484
pegRNA_90	p.L237V	72.59326918602319	53.34945840790675	57.76957719265161	118.99510009555347	46.53306090390202	40.55875716238297
pegRNA_91	p.H311R	733.710542130163	629.5236092132997	664.3501377154935	580.2427737992703	595.7757469827455	609.5742620581675
pegRNA_92	p.H311R	97.22312837413821	173.00467226564047	146.48714216708086	124.66153343343697	115.95123372775586	189.67183496526152
pegRNA_93	p.H311R	71.29696080770135	92.21834953366738	154.73993890888823	104.26237341705638	134.2593232637173	102.58979752838044
pegRNA_94	p.H311R	45.370793241264494	47.25237744700312	75.30677026899228	37.39846003003109	45.77022383990363	45.33037565207508
pegRNA_95	p.H311R	7.777850269931056	1.5242702402259072	18.56879266906659	5.666433337883499	41.19320145591327	7.157427734538171
pegRNA_96	p.G603V	49.259718376230026	59.44653936881038	90.7807641598811	62.330766716718486	81.62356584782813	65.60975423326656
pegRNA_97	p.G603V	28.518784323080542	27.436864324066327	39.20078452358502	29.465453356994193	51.87292035189078	28.629710938152684
pegRNA_98	p.G603V	1.2963083783218428	25.91259408384042	26.821589410873962	12.466153343343697	22.12227485595342	15.50776009149937
pegRNA_99	p.G603V	140.00130485875903	181.38815858688295	126.88674990528835	199.45845349349915	212.06870379155347	133.60531771137917
pegRNA_100	p.G603V	10.370467026574742	22.86405360338861	58.801176785377535	56.66433337883498	32.03915668793254	39.36585253995994
pegRNA_101	p.E192K	155.55700539862113	154.71342938292958	232.10990836333235	134.86111344162725	142.65053096769964	169.39245638407004
pegRNA_102	p.E192K	156.85331377694297	131.84937577954096	106.25475805076992	77.06349339521557	74.7580322718426	94.23946517141924
pegRNA_103	p.E192K	134.81607134547164	164.62118594439798	210.446316916088	141.66083344708747	157.90727224766752	161.04212402710883
pegRNA_104	p.E192K	97.22312837413821	101.36397097502282	90.7807641598811	113.32866675766996	93.82895887180244	78.73170507991988
pegRNA_105	p.E192K	86.85266134756347	90.69407929344148	119.6655527562069	108.79552008736317	60.26412805587311	79.9246097023429
pegRNA_106	p.L281M	49.259718376230026	44.96597208666426	57.76957719265161	37.39846003003109	47.295897967900416	39.36585253995994
pegRNA_107	p.L281M	102.40836188742558	74.68924177106945	126.88674990528835	123.52824676586027	79.33505465583295	106.16851139564953
pegRNA_108	p.L281M	42.77817648462081	13.718432162033164	14.442394298162903	21.532446683957296	21.359437791955028	16.700664713922396
pegRNA_109	p.L281M	117.96406242728769	105.93678169570055	117.60235357075507	91.79622007371268	128.91946381572856	100.20398828353439
pegRNA_110	p.L281M	55.74126026783924	61.73294472914924	23.726790632696197	65.73062671944858	35.85334200792451	48.909089519344164
pegRNA_111	p.W252C	112.77882891400031	54.873728648132655	78.40156904717004	101.99580008190297	61.026965119871505	64.41684961084353
pegRNA_112	p.W252C	130.92714621050612	110.50959241637827	114.5075547925773	108.79552008736317	99.1688183197912	97.81817903868833
pegRNA_113	p.W252C	190.55733161331088	187.4852395477866	188.78272546884367	219.85761350987974	138.83634564770767	182.51440723072335
pegRNA_114	p.W252C	588.5240037581166	506.8198548751141	438.4298269085167	508.8457137419382	435.57996354308284	527.2638431109785
pegRNA_115	p.W252C	3.888925134965528	9.907756561468396	3.094798778177765	6.799720005460198	13.731067151971088	5.964523112115142
pegRNA_116	p.V568F	98.51943675246005	89.93194417332852	60.86437597082937	104.26237341705638	106.79718895977513	84.69622819203502
pegRNA_117	p.V568F	47.96340999790818	34.29608040508291	29.916388189051727	38.53174669760779	18.30808953596145	31.01552018299874
pegRNA_118	p.V568F	16.852008918183955	13.718432162033164	29.916388189051727	23.799020019110692	29.75064549593736	16.700664713922396
pegRNA_119	p.V568F	66.11172729441398	60.97080960903629	66.02237393445898	64.59734005187188	89.25193648781207	62.03104036599748
pegRNA_120	p.V568F	198.33518188324194	162.3347805840591	166.08753442887337	169.99300013650495	134.2593232637173	153.88469629257065
pegRNA_121	p.R71L	46.66710161958634	44.20383696655131	56.737977599925685	73.66363339248548	48.058735031898806	45.33037565207508
pegRNA_122	p.R71L	619.6354048378408	757.5623093922759	671.571334864575	672.0389938729829	833.7809109502444	809.9822386252363
pegRNA_123	p.R71L	110.18621215735664	80.02418761186013	112.44435560712546	128.06139343616707	90.01477355181046	128.83369922168706
pegRNA_124	p.R71L	636.4874137560248	754.5137689118241	740.6885075772117	685.6384338839033	823.1011920542669	777.7738138198146
pegRNA_125	p.R71L	442.0411570077484	431.3684779839317	411.60823749764273	400.050193654575	355.4820718232515	435.41018718440534
pegRNA_126	p.R234W	397.9666721448057	347.53361477150685	479.69381061755354	192.65873348803896	228.85111919951814	238.58092448460567
pegRNA_127	p.R234W	283.8915348524836	215.68423899196586	213.54111569426578	152.99370012285445	157.14443518366912	184.9002164755694
pegRNA_128	p.R234W	38.88925134965528	63.25721496937515	69.11717271263674	152.99370012285445	95.35463299979922	52.48780338661325
pegRNA_129	p.R234W	55.74126026783924	137.9464567404446	120.69715234893283	124.66153343343697	86.2005882318185	93.04656054899621
pegRNA_130	p.R234W	27.2224759447587	27.436864324066327	18.56879266906659	21.532446683957296	17.545252471963057	14.314855469076342
pegRNA_131	p.N414I	375.9294297133344	205.77648243049748	247.5839022542212	362.6517336245439	384.46988025519045	254.08868457610507
pegRNA_132	p.N414I	252.78013377275934	242.35896819591923	232.10990836333235	364.9183069596973	366.92462778322744	235.0022106173366
pegRNA_133	p.N414I	432.9669983594955	242.35896819591923	275.43709125782107	405.7166269924585	402.7779697911519	317.31262956452554
pegRNA_134	p.N414I	282.59522647416173	166.1454561846239	172.27713198522892	226.65733351533993	266.23013533543946	184.9002164755694
pegRNA_135	p.N414I	229.44658296296618	113.55813289683009	92.84396334533295	130.32796677132046	249.44771992747476	145.53436393560946
pegRNA_136	p.V369L	19.44462567482764	1.5242702402259072	58.801176785377535	50.997900040951485	2.2885111919951813	20.279378581191484
pegRNA_137	p.V369L	18.148317296505798	19.815513122936792	7.221197149081451	3.399860002730099	11.442555959975907	8.350332356961198
pegRNA_138	p.V369L	12.963083783218428	18.291242882710886	15.473993890888824	7.933006673036898	25.93646017594539	23.858092448460567
pegRNA_139	p.V369L	0.0	8.38348632124249	2.063199185451843	29.465453356994193	54.92426860788435	10.736141601807256
pegRNA_140	p.V369L	28.518784323080542	10.669891681581351	10.315995927259216	11.332866675766997	32.80199375193094	13.121950846653313
pegRNA_141	p.H274R	45.370793241264494	50.30091792745494	34.04278655995542	91.79622007371268	53.398594479887564	59.64523112115142
pegRNA_142	p.H274R	15.555700539862112	18.291242882710886	12.37919511271106	40.79832003276119	55.68710567188275	48.909089519344164
pegRNA_143	p.H274R	165.92747242519587	156.2376996231555	119.6655527562069	196.05859349076906	184.6065694876113	139.56984082349433
pegRNA_144	p.H274R	20.740934053149484	21.339783363162702	22.695191039970275	10.199580008190297	6.865533575985544	17.893569336345426
pegRNA_145	p.H274R	18.148317296505798	31.2475399246311	18.56879266906659	35.13188669487769	53.398594479887564	31.01552018299874
pegRNA_146	p.G524C	1241.8634264323255	1217.8919219404997	1144.043948333047	1175.2182742770376	1276.2264080693128	1284.7582783496016
pegRNA_147	p.G524C	2525.20872097095	2790.938809853636	2913.2372498580025	2806.0177889199085	3007.8665433456667	2942.8957035176113
pegRNA_148	p.G524C	20.740934053149484	11.432026801694304	12.37919511271106	5.666433337883499	8.391207703982332	7.157427734538171
pegRNA_149	p.G524C	1617.7928561456597	1982.3134474137923	2052.883189524584	1847.2572681500205	2059.6600727956634	2100.705040086953
pegRNA_150	p.G524C	2352.7997066541448	2388.5314664339967	2613.0417683747596	2511.3632553499665	2521.93933357869	2429.946715875709
pegRNA_151	p.G378C	5.185233513287371	9.145621441355443	4.126398370903686	6.799720005460198	6.865533575985544	5.964523112115142
pegRNA_152	p.G378C	27.2224759447587	25.15045896372747	68.08557311991083	46.46475337064469	19.070926599959844	15.50776009149937
pegRNA_153	p.G378C	19.44462567482764	14.480567282146119	46.421981672666476	24.932306686687394	0.7628370639983938	20.279378581191484
pegRNA_154	p.G378C	111.48252053567847	66.30575544982696	68.08557311991083	80.46335339794568	96.88030712779602	57.25942187630537
pegRNA_155	p.G378C	7.777850269931056	38.10675600564768	11.347595519985138	33.998600027300995	18.30808953596145	14.314855469076342
pegRNA_156	p.C171F	569.0793780832889	558.645043042795	704.5825218318045	711.7040272381674	681.9763352145641	784.9312415543527
pegRNA_157	p.C171F	719.4511499686228	692.0186890625619	813.9320786607522	972.3599607808084	919.2186621180646	938.8159378469234
pegRNA_158	p.C171F	556.1162943000705	637.9070955345421	739.6569079844858	727.5700405842413	857.4288599341946	770.6163860852763
pegRNA_159	p.C171F	163.3348556685522	282.7521295619058	213.54111569426578	200.59174016107585	243.34502341548762	206.3724996791839
pegRNA_160	p.C171F	20.740934053149484	7.621351201129536	6.18959755635553	3.399860002730099	5.339859447988757	3.5787138672690855
pegRNA_161	p.A510V	60.92649378112661	89.16980905321557	51.57997963629608	120.12838676313017	59.50129099187472	66.80265885568959
pegRNA_162	p.A510V	137.40868810211532	131.84937577954096	166.08753442887337	92.92950674128937	106.79718895977513	79.9246097023429
pegRNA_163	p.A510V	143.89022999372455	137.18432162033164	122.76035153438467	55.531046711258284	75.52086933584098	103.78270215080347
pegRNA_164	p.A510V	33.70401783636791	35.05821552519586	28.884788596325805	46.46475337064469	38.904690263918084	54.87361263145931
pegRNA_165	p.A510V	33.70401783636791	24.388323843614515	55.70637800719977	21.532446683957296	8.391207703982332	7.157427734538171
pegRNA_166	p.G558R	340.9291034986446	340.67439869049025	251.7103006251249	232.32376685322345	248.6848828634764	229.03768750522147
pegRNA_167	p.G558R	282.59522647416173	298.7569670842778	248.6155018469471	206.25817349895934	160.95862050366108	242.15963835187478
pegRNA_168	p.G558R	112.77882891400031	54.111593528019704	52.611579229022	47.598040038221384	28.987808431938966	44.137471029652055
pegRNA_169	p.G558R	53.14864351119555	14.480567282146119	29.916388189051727	44.19818003549129	21.359437791955028	32.208424805421764
pegRNA_170	p.G558R	101.11205350910373	100.60183585490988	96.97036171623662	147.32726678497096	69.41817282385384	127.64079459926404
pegRNA_171	p.S102L	132.22345458882796	118.13094361750781	111.41275601439953	82.72992673309908	54.16143154388596	102.58979752838044
pegRNA_172	p.S102L	282.59522647416173	290.37348076303533	254.80509940330265	205.12488683138264	206.72884434356473	270.7893492900275
pegRNA_173	p.S102L	47.96340999790818	62.4950798492622	59.83277637810345	78.19678006279229	54.16143154388596	60.83813574357445
pegRNA_174	p.S102L	12.963083783218428	9.907756561468396	13.410794705436981	15.866013346073796	6.865533575985544	15.50776009149937
pegRNA_175	p.S102L	360.37372917347227	287.3249402825835	347.6490627486356	344.51914694331674	349.37937531126437	379.34366993052305
pegRNA_176	p.I416F	16.852008918183955	50.30091792745494	16.505593483614746	20.399160016380595	85.43775116782011	13.121950846653313
pegRNA_177	p.I416F	84.26004459091978	54.873728648132655	60.86437597082937	84.99650006825247	106.79718895977513	44.137471029652055
pegRNA_178	p.I416F	0.0	1.5242702402259072	1.0315995927259216	4.533146670306799	7.628370639983938	1.1929046224230284
pegRNA_179	p.I416F	23.33355080979317	14.480567282146119	17.537193076340667	15.866013346073796	12.2053930239743	13.121950846653313
pegRNA_180	p.I416F	2.5926167566436855	13.718432162033164	5.157997963629608	9.066293340613598	0.7628370639983938	14.314855469076342
pegRNA_181	p.M161I	63.519110537770295	70.11643105039172	51.57997963629608	65.73062671944858	62.55263924786829	50.10199414176719
pegRNA_182	p.M161I	112.77882891400031	124.9901596985244	82.52796741807373	78.19678006279229	147.9903904156884	112.13303450776468
pegRNA_183	p.M161I	119.26037080560954	80.78632273197309	80.46476823262188	87.26307340340588	81.62356584782813	64.41684961084353
pegRNA_184	p.M161I	123.14929594057506	108.22318705603941	76.3383698617182	94.06279340886607	93.82895887180244	91.85365592657318
pegRNA_185	p.M161I	207.40934053149485	269.0336973998726	290.9110851487099	285.58824022932833	286.0638989993977	310.1552018299874
pegRNA_186	p.N238K	105.00097864406926	110.50959241637827	92.84396334533295	111.06209342251657	65.60398750386187	108.55432064049559
pegRNA_187	p.N238K	90.74158648252899	149.3784835421389	151.64514013071047	117.86181342797677	89.25193648781207	139.56984082349433
pegRNA_188	p.N238K	46.66710161958634	23.62618872350156	56.737977599925685	46.46475337064469	28.22497136794057	50.10199414176719
pegRNA_189	p.N238K	67.40803567273582	41.155296486099495	44.358782487214626	48.73132670579809	22.885111919951814	44.137471029652055
pegRNA_190	p.N238K	102.40836188742558	106.6989168158135	104.19155886531809	106.52894675220978	126.63095262373336	149.11307780287856
pegRNA_191	p.P278L	14.259392161540271	13.718432162033164	20.631991854518432	11.332866675766997	16.782415407964663	9.543236979384227
pegRNA_192	p.P278L	9.074158648252899	12.95629704192021	25.78998981814804	40.79832003276119	14.493904215969483	15.50776009149937
pegRNA_193	p.P278L	73.88957756434503	37.344620885534724	48.48518085811831	38.53174669760779	43.481712647908445	48.909089519344164
pegRNA_194	p.P278L	40.18555972797713	53.34945840790675	38.1691849308591	24.932306686687394	28.22497136794057	25.050997070883597
pegRNA_195	p.P278L	317.59555268885146	160.81051034383322	390.9762456431243	283.32166689417494	243.34502341548762	301.8048694730262
pegRNA_196	p.P361L	36.296634593011596	26.674729203953376	15.473993890888824	31.732026692147592	19.833763663958237	21.472283203614513
pegRNA_197	p.P361L	7.777850269931056	5.334945840790676	23.726790632696197	6.799720005460198	9.916881831979119	26.243901693306626
pegRNA_198	p.P361L	6.481541891609214	3.0485404804518144	7.221197149081451	18.132586681227195	13.731067151971088	0.0
pegRNA_199	p.P361L	23.33355080979317	26.674729203953376	14.442394298162903	64.59734005187188	49.5844091598956	28.629710938152684
pegRNA_200	p.P361L	1.2963083783218428	6.097080960903629	7.221197149081451	18.132586681227195	6.10269651198715	3.5787138672690855
pegRNA_201	p.Q163L	137.40868810211532	127.27656505886326	123.7919511271106	120.12838676313017	99.1688183197912	144.34145931318645
pegRNA_202	p.Q163L	77.77850269931056	68.59216081016582	74.27517067626636	57.79762004641169	67.89249869585704	63.223944988420506
pegRNA_203	p.Q163L	136.11237972379348	115.08240313705599	139.26594501799943	128.06139343616707	83.91207703982332	89.46784668172712
pegRNA_204	p.Q163L	46.66710161958634	68.59216081016582	44.358782487214626	52.13118670852819	57.212779799879534	73.96008659022776
pegRNA_205	p.Q163L	95.92681999581636	128.80083529908916	79.43316863989597	97.46265341159618	102.22016657578477	83.503323569612
pegRNA_206	p.R240L	50.556026754551866	89.16980905321557	105.223158458044	50.997900040951485	51.11008328789239	82.31041894718896
pegRNA_207	p.R240L	20.740934053149484	35.05821552519586	46.421981672666476	64.59734005187188	56.44994273588114	71.5742773453817
pegRNA_208	p.R240L	125.74191269721875	58.684404248697426	61.8959755635553	62.330766716718486	46.53306090390202	47.716184896921135
pegRNA_209	p.R240L	0.0	0.0	0.0	0.0	0.0	0.0
pegRNA_210	p.R240L	79.0748110776324	70.87856617050468	82.52796741807373	81.59664006552238	58.73845392787632	79.9246097023429
pegRNA_211	p.R71W	82.96373621259794	59.44653936881038	64.99077434173306	74.79692006006218	51.87292035189078	66.80265885568959
pegRNA_212	p.R71W	57.037568646161084	44.96597208666426	37.13758533813318	44.19818003549129	37.3790161359213	28.629710938152684
pegRNA_213	p.R71W	114.07513729232217	59.44653936881038	128.9499490907402	78.19678006279229	100.69449244778798	73.96008659022776
pegRNA_214	p.R71W	499.0787256539095	542.6402055204229	646.8129446391529	575.7096271289635	697.9959135585303	721.7072965659322
pegRNA_215	p.R71W	364.2626543084378	460.32961254822396	420.892633832176	397.7836203194216	359.29625714324345	502.212846040095
pegRNA_216	p.S224F	211.29826566646037	211.11142827128813	205.2883189524584	276.52194688871475	188.42075480760326	262.4390169330662
pegRNA_217	p.S224F	307.22508566227674	253.79099499761355	232.10990836333235	441.9818003549129	463.80493491102345	421.09533171532905
pegRNA_218	p.S224F	54.4449518895174	11.432026801694304	23.726790632696197	29.465453356994193	44.24454971190684	40.55875716238297
pegRNA_219	p.S224F	128.33452945386244	148.61634842202594	165.05593483614746	273.12208688598463	276.90985423141694	310.1552018299874
pegRNA_220	p.S224F	94.63051161749452	85.35913345265081	59.83277637810345	79.33006673036898	109.08570015177031	95.43236979384227
pegRNA_221	p.S45F	47.96340999790818	54.873728648132655	67.05397352718491	32.86531335972429	80.09789171983135	62.03104036599748
pegRNA_222	p.S45F	108.8899037790348	74.68924177106945	82.52796741807373	50.997900040951485	48.8215720958972	82.31041894718896
pegRNA_223	p.S45F	54.4449518895174	77.73778225152127	62.92757515628122	47.598040038221384	57.97561686387793	67.99556347811262
pegRNA_224	p.S45F	366.8552710650815	310.95112900608507	360.0282578613466	230.05719351807005	231.13963039151332	215.91573665856814
pegRNA_225	p.S45F	38.88925134965528	32.771810164857	51.57997963629608	58.930906713988385	48.8215720958972	17.893569336345426
pegRNA_226	p.W252L	98.51943675246005	65.543620329714	67.05397352718491	75.93020672763888	64.84115043986347	100.20398828353439
pegRNA_227	p.W252L	208.7056489098167	185.19883418744772	201.1619205815547	193.79202015561566	148.75322747968679	206.3724996791839
pegRNA_228	p.W252L	177.59424783009246	222.54345507298245	232.10990836333235	190.39216015288554	159.4329463756643	196.8292626997997
pegRNA_229	p.W252L	418.7076061979552	469.4752339895794	539.526586995657	504.31256707163135	506.52381049493346	492.66960906071074
pegRNA_230	p.W252L	27.2224759447587	19.05337800282384	9.284396334533294	11.332866675766997	12.2053930239743	3.5787138672690855
pegRNA_231	p.W403C	569.0793780832889	445.0869101459649	434.303428537613	508.8457137419382	379.13002080720173	459.2682796328659
pegRNA_232	p.W403C	1.2963083783218428	10.669891681581351	7.221197149081451	29.465453356994193	13.731067151971088	11.929046224230284
pegRNA_233	p.W403C	58.33387702448292	17.52910776259793	9.284396334533294	18.132586681227195	12.2053930239743	9.543236979384227
pegRNA_234	p.W403C	31.111401079724224	26.674729203953376	26.821589410873962	30.598740024570894	16.01957834396627	22.66518782603754
pegRNA_235	p.W403C	115.37144567064401	146.3299430616871	107.28635764349585	115.59524009282337	79.33505465583295	130.0266038441101
pegRNA_236	p.W450L	329.26232809374807	223.3055901930954	191.87752424702143	207.39146016653604	173.92685059163378	240.96673372945173
pegRNA_237	p.W450L	10.370467026574742	22.86405360338861	22.695191039970275	29.465453356994193	11.442555959975907	27.436806315729655
pegRNA_238	p.W450L	224.2613494496788	198.91726634948088	239.3311055124138	230.05719351807005	216.64572617554384	226.6518782603754
pegRNA_239	p.W450L	500.3750340322313	556.3586376824561	495.1678045084424	517.9120070825518	556.8710567188275	601.2239297012063
pegRNA_240	p.W450L	299.4472353923457	275.1307783607762	304.32187985414686	224.39076018018653	254.02474231146513	237.38801986218266
pegRNA_241	p.Y300C	82.96373621259794	69.35429593027878	93.87556293805886	70.26377338975539	51.87292035189078	58.45232649872839
pegRNA_242	p.Y300C	53.14864351119555	54.111593528019704	82.52796741807373	41.93160670033789	65.60398750386187	70.38137272295867
pegRNA_243	p.Y300C	361.6700375517941	374.9704790955732	492.0730057302646	453.31466703067986	485.92720976697683	627.4678313945129
pegRNA_244	p.Y300C	178.8905562084143	166.1454561846239	203.22511976700656	201.72502682865255	215.88288911154544	201.60088118949182
pegRNA_245	p.Y300C	28.518784323080542	85.35913345265081	73.24357108354043	37.39846003003109	20.596600727956634	65.60975423326656
pegRNA_246	p.Y572C	128.33452945386244	93.7426197738933	137.20274583254758	152.99370012285445	143.41336803169804	108.55432064049559
pegRNA_247	p.Y572C	404.4482140364149	256.8395354780654	235.20470714151014	220.99090017745644	286.8267360633961	208.75830892402996
pegRNA_248	p.Y572C	211.29826566646037	215.68423899196586	144.423942981629	214.19118017199625	168.58699114364504	237.38801986218266
pegRNA_249	p.Y572C	1261.3080521071531	1249.139461865131	1135.7911515912397	1210.3501609719153	1277.7520821973096	1375.4190296537517
pegRNA_250	p.Y572C	112.77882891400031	129.56297041920212	113.47595519985137	117.86181342797677	117.47690785575264	124.06208073199495
pegRNA_251	p.R260L	45.370793241264494	39.631026245873585	51.57997963629608	60.06419338156508	70.94384695185062	42.944566407229026
pegRNA_252	p.R260L	76.48219432098873	73.16497153084354	66.02237393445898	79.33006673036898	82.38640291182654	100.20398828353439
pegRNA_253	p.R260L	59.63018540280477	60.208674488923336	53.643178821747924	54.397760043681586	45.00738677590523	50.10199414176719
pegRNA_254	p.R260L	19.44462567482764	28.198999444179282	34.04278655995542	32.86531335972429	25.173623111946995	25.050997070883597
pegRNA_255	p.R260L	1.2963083783218428	1.5242702402259072	4.126398370903686	5.666433337883499	0.7628370639983938	0.0
pegRNA_256	p.A184G	130.92714621050612	57.160134008471516	68.08557311991083	254.98950020475743	316.57738155933345	329.24167578875586
pegRNA_257	p.A184G	167.2237808035177	112.03386265660417	111.41275601439953	113.32866675766996	124.3424414317382	78.73170507991988
pegRNA_258	p.A184G	70.00065242937951	60.97080960903629	69.11717271263674	40.79832003276119	63.31547631186668	62.03104036599748
pegRNA_259	p.A184G	184.07578972170168	135.66005138010573	160.92953646524376	628.9741005050683	610.269651198715	561.8580771612463
pegRNA_260	p.A184G	58.33387702448292	49.53878280734198	85.62276619625149	53.26447337610489	41.95603851991166	34.59423405026782
pegRNA_261	p.R415H	245.00228350282828	203.4900770701586	151.64514013071047	268.58894021567784	324.9685892633158	187.28602572041547
pegRNA_262	p.R415H	391.48513025319653	263.6987515590819	205.2883189524584	339.9860002730099	337.9368193512885	260.0532076882202
pegRNA_263	p.R415H	203.5204153965293	108.22318705603941	153.70833931616232	181.32586681227195	141.88769390370123	134.79822233380222
pegRNA_264	p.R415H	49.259718376230026	64.0193500894881	30.94798778177765	52.13118670852819	98.4059812557928	57.25942187630537
pegRNA_265	p.R415H	85.55635296924162	69.35429593027878	40.23238411631094	82.72992673309908	92.30328474380565	67.99556347811262
pegRNA_266	p.R536C	62.22280215944845	39.631026245873585	34.04278655995542	32.86531335972429	43.481712647908445	33.40132942784479
pegRNA_267	p.R536C	75.18588594266689	59.44653936881038	48.48518085811831	47.598040038221384	44.24454971190684	57.25942187630537
pegRNA_268	p.R536C	107.59359540071294	156.2376996231555	99.03356090168847	88.39636007098258	96.11747006379761	91.85365592657318
pegRNA_269	p.S508R	510.74550105880604	364.3005874139918	563.2533776283532	430.6489336791459	382.9442061271937	324.47005729906374
pegRNA_270	p.S508R	528.8938183553119	458.0432071878851	520.9577943265904	588.1757804723071	512.6265070069206	450.91794727590474
pegRNA_271	p.S508R	397.9666721448057	321.62102068766643	324.9538717086653	341.1192869405866	326.49426339131253	304.19067871787223
pegRNA_272	p.S508R	357.7811124168286	355.1549659726364	412.63983709036864	328.6531335972429	385.99555438318725	436.6030918068284
pegRNA_273	p.S508R	427.7817648462081	279.70358908145397	232.10990836333235	343.38586027574	244.10786047948602	229.03768750522147
pegRNA_274	p.G480R	224.2613494496788	264.4608866791949	178.46672954158444	197.19188015834575	229.61395626351654	237.38801986218266
pegRNA_275	p.G480R	282.59522647416173	397.83453269896177	328.0486704868431	288.9881002320584	469.14479435901217	288.6829186263729
pegRNA_276	p.G480R	158.1496221552648	143.28140258123528	280.5950892214507	148.46055345254766	170.11266527164182	157.46341015983975
pegRNA_277	p.G480R	31.111401079724224	27.436864324066327	39.20078452358502	29.465453356994193	34.32766787992772	27.436806315729655
pegRNA_278	p.G480R	251.4838253944375	280.4657242015669	279.56348962872477	239.12348685868363	302.84631440736234	267.21063542275834
pegRNA_279	p.H210P	14.259392161540271	14.480567282146119	14.442394298162903	36.26517336245439	8.391207703982332	20.279378581191484
pegRNA_280	p.H210P	9.074158648252899	16.76697264248498	12.37919511271106	9.066293340613598	15.256741279967876	16.700664713922396
pegRNA_281	p.H210P	42.77817648462081	30.485404804518144	30.94798778177765	23.799020019110692	16.01957834396627	28.629710938152684
pegRNA_282	p.H210P	12.963083783218428	6.097080960903629	4.126398370903686	12.466153343343697	2.2885111919951813	8.350332356961198
pegRNA_283	p.H210P	50.556026754551866	28.198999444179282	28.884788596325805	30.598740024570894	25.93646017594539	21.472283203614513
pegRNA_284	p.M550K	184.07578972170168	288.0870754026965	236.23630673423605	123.52824676586027	187.65791774360488	180.1285979858773
pegRNA_285	p.M550K	88.14896972588531	101.36397097502282	81.4963678253478	67.99720005460199	73.2323581438458	81.11751432476593
pegRNA_286	p.M550K	150.37177188533377	128.0387001789762	94.90716253078479	70.26377338975539	68.65533575985545	88.27494205930411
pegRNA_287	p.M550K	163.3348556685522	202.72794195004565	179.49832913431035	152.99370012285445	159.4329463756643	214.72283203614512
pegRNA_288	p.M550K	181.48317296505797	192.82018538857727	206.31991854518432	126.92810676859037	144.17620509569642	242.15963835187478
pegRNA_289	p.V465L	82.96373621259794	48.01451256711608	73.24357108354043	27.198880021840793	36.6161790719229	63.223944988420506
pegRNA_290	p.V465L	70.00065242937951	61.73294472914924	83.55956701079965	73.66363339248548	71.70668401584902	33.40132942784479
pegRNA_291	p.V465L	150.37177188533377	109.74745729626531	96.97036171623662	90.66293340613598	94.59179593580083	45.33037565207508
pegRNA_292	p.V465L	71.29696080770135	65.543620329714	70.14877230536267	58.930906713988385	38.14185319991969	47.716184896921135
pegRNA_293	p.V465L	14.259392161540271	17.52910776259793	16.505593483614746	22.665733351533994	16.782415407964663	15.50776009149937
pegRNA_294	p.Glu79Gln	88.14896972588531	83.07272809231195	45.39038207994055	44.19818003549129	40.43036439191487	50.10199414176719
pegRNA_295	p.Glu79Gln	101.11205350910373	92.98048465378034	74.27517067626636	107.66223341978647	92.30328474380565	51.29489876419022
pegRNA_296	p.Glu79Gln	163.3348556685522	176.05321274609227	152.6767397234364	126.92810676859037	181.55522123161774	174.16407487376216
pegRNA_297	p.Glu79Gln	97.22312837413821	119.65521385773371	148.5503413525327	140.52754677951077	156.38159811967074	137.18403157864827
pegRNA_298	p.Glu79Gln	147.77915512869006	126.5144299387503	101.09676008714032	150.72712678770105	101.45732951178637	150.30598242530158
pegRNA_299	p.Arg34Gly	1240.5671180540035	1073.8483842391515	965.5772187914627	2365.169275232572	1042.7982664858043	906.6075130415016
pegRNA_300	p.Arg34Gly	1912.054858024718	1973.9299610925498	1389.5646514018165	1621.7332213022573	1534.06533570077	1475.6230179372862
pegRNA_301	p.Arg34Gly	1359.8274888596131	1550.9449694298605	1159.517942223936	1302.146381045628	1408.197220141035	1344.403509470753
pegRNA_302	p.Arg34Gly	1786.3129453274994	1889.332962760012	1442.1762306308385	1489.1386811957834	1817.077886444174	1711.8181331770459
pegRNA_303	p.Arg34Gly	1288.5305280519117	1564.6634015918937	1218.3191190093135	1200.150580963725	1460.0701404929257	1239.4279026975266
pegRNA_304	p.Gly31Glu	1541.3106618246711	2104.255066631865	1729.9925170013705	1693.1302813595894	2036.7749608757115	1831.1085954193486
pegRNA_305	p.Gly31Glu	2146.6866745009715	2344.327629467445	1962.1024253647029	1900.5217415261254	1982.6135293318255	2328.5498229697514
pegRNA_306	p.Gly31Glu	1909.4622412680744	2198.7598215258713	1724.8345190377408	1843.8574081472905	2167.2200988194368	1889.560921918077
pegRNA_307	p.Gly31Glu	1597.0519220925103	1912.1970163634005	2132.31635816448	1775.8602080926885	2094.7505777395895	1654.5587113007405
pegRNA_308	p.Gly31Glu	1620.3854729023035	1797.1146132263445	1460.745023299905	1803.0590881145292	1559.2389588127169	1673.645185259509
pegRNA_309	p.Glu82Asp	408.33713917138044	428.31993750347993	497.2310036938942	324.1199869269361	295.2179437673784	334.013294278448
pegRNA_310	p.Glu82Asp	222.96504107135695	219.49491459253062	202.19352017428065	228.92390685049335	213.59437791955025	357.8713867269085
pegRNA_311	p.Glu82Asp	211.29826566646037	269.0336973998726	197.03552221065104	324.1199869269361	347.09086411926916	279.13968164698866
pegRNA_312	p.Glu82Asp	176.29793945177062	136.4221865002187	93.87556293805886	132.59454010647386	99.93165538378959	113.3259391301877
pegRNA_313	p.Glu82Asp	49.259718376230026	92.98048465378034	24.75839022542212	81.59664006552238	45.77022383990363	73.96008659022776
pegRNA_314	S45S	64.81541891609214	49.53878280734198	22.695191039970275	20.399160016380595	77.04654346383778	29.82261556057571
pegRNA_315	S45S	44.074484862942654	11.432026801694304	18.56879266906659	31.732026692147592	46.53306090390202	28.629710938152684
pegRNA_316	R71R	604.0797042979788	480.9072607912737	470.4094142830203	582.5093471344237	522.5433888388998	607.1884528133214
pegRNA_317	R71R	160.74223891190852	70.11643105039172	95.93876212351071	97.46265341159618	88.48909942381368	82.31041894718896
pegRNA_318	S102S	59.63018540280477	189.77164490812544	136.17114623982167	80.46335339794568	115.18839666375746	132.41241308895616
pegRNA_319	S102S	812.7853532077954	656.198338417253	618.9597556355529	641.440253848412	631.6290889906701	646.5543053532814
pegRNA_320	V155V	77.77850269931056	92.98048465378034	76.3383698617182	88.39636007098258	67.12966163185865	88.27494205930411
pegRNA_321	V155V	28.518784323080542	32.771810164857	50.54838004357016	43.06489336791459	42.718875583910055	57.25942187630537
pegRNA_322	Q163Q	155.55700539862113	179.1017532265441	135.13954664709573	126.92810676859037	124.3424414317382	144.34145931318645
pegRNA_323	Q163Q	169.8163975601614	118.13094361750781	103.15995927259216	122.39496009828358	98.4059812557928	121.6762714871489
pegRNA_324	C171C	488.7082586273347	459.56747742811103	504.4522008429757	602.9085071508042	670.5337792545881	582.1374557424379
pegRNA_325	C171C	6.481541891609214	5.334945840790676	8.252796741807373	3.399860002730099	1.5256741279967876	1.1929046224230284
pegRNA_326	A184A	278.7063013391962	297.2326968440519	425.0190322030797	310.52054691601575	371.5016501672178	496.2483229279798
pegRNA_327	A184A	97.22312837413821	119.65521385773371	124.82355071983652	94.06279340886607	78.57221759183456	76.34589583507382
pegRNA_328	G186G	313.70662755388594	210.3492931511752	295.0374835196136	210.79132016926616	225.79977094352455	195.63635807737666
pegRNA_329	G186G	119.26037080560954	58.684404248697426	104.19155886531809	72.53034672490878	73.9951952078442	87.08203743688108
pegRNA_330	E192E	112.77882891400031	47.25237744700312	148.5503413525327	77.06349339521557	57.97561686387793	90.66075130415015
pegRNA_331	E192E	106.2972870223911	83.07272809231195	94.90716253078479	80.46335339794568	55.68710567188275	72.76718196780473
pegRNA_332	H210H	251.4838253944375	288.8492105228094	289.879485555984	267.4556535481011	229.61395626351654	174.16407487376216
pegRNA_333	H210H	6.481541891609214	25.15045896372747	19.60039226179251	9.066293340613598	6.865533575985544	19.086473958768455
pegRNA_334	S224S	49.259718376230026	54.873728648132655	37.13758533813318	54.397760043681586	75.52086933584098	50.10199414176719
pegRNA_335	S224S	272.22475944758696	270.5579676400985	270.27909329419145	383.0508936409245	321.1544039433238	338.7849127681401
pegRNA_336	R234R	142.5939216154027	111.27172753649123	106.25475805076992	135.99440010920398	92.30328474380565	165.81374251680094
pegRNA_337	R234R	257.9653672860467	176.81534786620523	148.5503413525327	194.92530682319236	148.75322747968679	184.9002164755694
pegRNA_338	L237L	66.11172729441398	79.26205249174717	75.30677026899228	48.73132670579809	53.398594479887564	75.15299121265079
pegRNA_339	L237L	15.555700539862112	39.631026245873585	33.01118696722949	35.13188669487769	28.22497136794057	31.01552018299874
pegRNA_340	N238N	80.37111945595426	126.5144299387503	116.57075397802915	89.52964673855928	87.72626235981528	153.88469629257065
pegRNA_341	N238N	177.59424783009246	150.14061866225185	131.01314827619206	149.59384012012436	112.13704840776388	181.3215026083003
pegRNA_342	R240R	16.852008918183955	60.97080960903629	57.76957719265161	60.06419338156508	36.6161790719229	27.436806315729655
pegRNA_343	R240R	59.63018540280477	50.30091792745494	64.99077434173306	53.26447337610489	47.295897967900416	120.48336686472587
pegRNA_344	R260R	108.8899037790348	77.73778225152127	71.1803718980886	73.66363339248548	63.31547631186668	71.5742773453817
pegRNA_345	R260R	12.963083783218428	6.097080960903629	4.126398370903686	11.332866675766997	4.5770223839903625	8.350332356961198
pegRNA_346	R272R	37.59294297133344	27.436864324066327	42.29558330176279	29.465453356994193	46.53306090390202	29.82261556057571
pegRNA_347	R272R	15.555700539862112	27.436864324066327	11.347595519985138	15.866013346073796	10.679718895977514	22.66518782603754
pegRNA_348	H274H	59.63018540280477	43.441701846438356	30.94798778177765	38.53174669760779	38.904690263918084	36.98004329511388
pegRNA_349	H274H	95.92681999581636	126.5144299387503	113.47595519985137	82.72992673309908	91.54044767980726	109.74722526291862
pegRNA_350	P278P	27.2224759447587	16.76697264248498	15.473993890888824	19.265873348803893	8.391207703982332	9.543236979384227
pegRNA_351	P278P	156.85331377694297	187.4852395477866	105.223158458044	145.06069344981756	131.97081207172212	149.11307780287856
pegRNA_352	L281L	58.33387702448292	86.88340369287671	47.453581265392394	62.330766716718486	70.18100988785223	53.68070800903628
pegRNA_353	L281L	57.037568646161084	44.20383696655131	63.95917474900714	84.99650006825247	45.77022383990363	57.25942187630537
pegRNA_354	C297C	23.33355080979317	17.52910776259793	11.347595519985138	14.732726678497096	16.782415407964663	25.050997070883597
pegRNA_355	C297C	115.37144567064401	84.59699833253785	108.31795723622177	124.66153343343697	102.98300363978316	146.7272685580325
pegRNA_356	Y300Y	191.85363999163272	185.96096930756067	145.45554257435495	162.05999346346806	128.15662675173016	161.04212402710883
pegRNA_357	Y300Y	38.88925134965528	19.05337800282384	53.643178821747924	63.464053384295184	70.94384695185062	77.53880045749685
pegRNA_358	H311H	76.48219432098873	108.22318705603941	145.45554257435495	120.12838676313017	97.6431441917944	104.9756067732265
pegRNA_359	H311H	95.92681999581636	165.38332106451094	170.21393279977707	103.12908674947967	80.86072878382974	108.55432064049559
pegRNA_360	R320R	116.66775404896585	108.98532217615237	70.14877230536267	177.92600680954186	128.91946381572856	81.11751432476593
pegRNA_361	R320R	45.370793241264494	28.961134564292237	40.23238411631094	60.06419338156508	57.212779799879534	19.086473958768455
pegRNA_362	G332G	19.44462567482764	38.10675600564768	25.78998981814804	16.999300013650497	51.87292035189078	33.40132942784479
pegRNA_363	G332G	215.18719080142588	137.9464567404446	246.55230266149528	112.19538009009327	109.8485372157687	145.53436393560946
pegRNA_364	G333G	127.03822107554059	113.55813289683009	189.81432506156958	125.79482010101367	131.20797500772375	118.09755761987981
pegRNA_365	G333G	18.148317296505798	26.674729203953376	28.884788596325805	28.33216668941749	22.12227485595342	45.33037565207508
pegRNA_366	P361P	36.296634593011596	34.29608040508291	35.074386152681335	35.13188669487769	51.11008328789239	23.858092448460567
pegRNA_367	P361P	12.963083783218428	1.5242702402259072	1.0315995927259216	2.2665733351533994	3.814185319991969	2.385809244846057
pegRNA_368	R362R	41.48186810629897	11.432026801694304	21.663591447244354	19.265873348803893	46.53306090390202	28.629710938152684
pegRNA_369	R362R	0.0	0.0	1.0315995927259216	0.0	0.7628370639983938	1.1929046224230284
pegRNA_370	G364G	6.481541891609214	5.334945840790676	4.126398370903686	6.799720005460198	5.339859447988757	4.771618489692114
pegRNA_371	G364G	27.2224759447587	22.101918483275654	15.473993890888824	21.532446683957296	6.10269651198715	4.771618489692114
pegRNA_372	V369V	0.0	2.2864053603388608	2.063199185451843	0.0	0.7628370639983938	0.0
pegRNA_373	V369V	45.370793241264494	16.76697264248498	3.094798778177765	5.666433337883499	30.513482559935753	3.5787138672690855
pegRNA_374	G378G	5.185233513287371	16.004837522372025	11.347595519985138	5.666433337883499	8.391207703982332	4.771618489692114
pegRNA_375	G378G	40.18555972797713	56.397998888358565	46.421981672666476	20.399160016380595	28.22497136794057	53.68070800903628
pegRNA_376	R413R	132.22345458882796	91.45621441355443	160.92953646524376	196.05859349076906	173.92685059163378	114.51884375261074
pegRNA_377	R413R	120.55667918393138	60.208674488923336	58.801176785377535	83.86321340067578	131.20797500772375	42.944566407229026
pegRNA_378	N414N	68.70434405105766	42.679566726325405	38.1691849308591	57.79762004641169	63.31547631186668	50.10199414176719
pegRNA_379	N414N	195.74256512659827	177.5774829863182	113.47595519985137	177.92600680954186	275.38418010342014	139.56984082349433
pegRNA_380	R415R	215.18719080142588	165.38332106451094	104.19155886531809	155.26027345800787	212.06870379155347	182.51440723072335
pegRNA_381	R415R	67.40803567273582	57.160134008471516	37.13758533813318	82.72992673309908	110.6113742797671	58.45232649872839
pegRNA_382	I416I	0.0	0.0	0.0	0.0	0.0	0.0
pegRNA_383	I416I	82.96373621259794	62.4950798492622	86.65436578897742	50.997900040951485	54.92426860788435	93.04656054899621
pegRNA_384	G430G	44.074484862942654	35.82035064530882	59.83277637810345	37.39846003003109	34.32766787992772	31.01552018299874
pegRNA_385	G430G	33.70401783636791	57.922269128584475	72.2119714908145	52.13118670852819	69.41817282385384	31.01552018299874
pegRNA_386	G462G	142.5939216154027	150.14061866225185	147.5187417598068	145.06069344981756	181.55522123161774	174.16407487376216
pegRNA_387	G462G	147.77915512869006	137.18432162033164	180.5299287270363	152.99370012285445	130.44513794372534	133.60531771137917
pegRNA_388	V465V	60.92649378112661	45.72810720677722	45.39038207994055	49.86461337337479	38.14185319991969	46.523280274498106
pegRNA_389	V465V	49.259718376230026	66.30575544982696	69.11717271263674	33.998600027300995	15.256741279967876	28.629710938152684
pegRNA_390	G480G	342.22541187696646	398.59666781907475	288.847885963258	269.7222268832545	356.2449088872499	332.82038965602493
pegRNA_391	G480G	176.29793945177062	98.31543049457102	184.65632709793996	135.99440010920398	167.06131701564823	182.51440723072335
pegRNA_392	S508S	42.77817648462081	50.30091792745494	77.36996945444412	48.73132670579809	64.84115043986347	93.04656054899621
pegRNA_393	S508S	115.37144567064401	99.83970073479692	86.65436578897742	124.66153343343697	61.026965119871505	57.25942187630537
pegRNA_394	A510A	82.96373621259794	79.26205249174717	59.83277637810345	87.26307340340588	74.7580322718426	69.18846810053564
pegRNA_395	A510A	41.48186810629897	21.339783363162702	24.75839022542212	30.598740024570894	24.4107860479486	10.736141601807256
pegRNA_396	G524G	1674.8304247918209	1357.3626489211704	1316.321080318276	1494.805114533667	1727.825949956362	1377.8048388985978
pegRNA_397	G524G	2863.5452077129507	3119.419046622319	3519.8178103808445	3032.6751224352483	2910.9862362178706	3189.826960359178
pegRNA_398	R536R	46.66710161958634	42.679566726325405	33.01118696722949	56.66433337883498	40.43036439191487	28.629710938152684
pegRNA_399	R536R	147.77915512869006	128.0387001789762	131.01314827619206	109.92880675493987	144.17620509569642	118.09755761987981
pegRNA_400	G558G	27.2224759447587	34.29608040508291	53.643178821747924	21.532446683957296	41.95603851991166	52.48780338661325
pegRNA_401	G558G	359.07742079515043	230.92694139422494	222.82551202879907	220.99090017745644	176.97819884762737	192.05764421010758
pegRNA_402	V568V	77.77850269931056	85.35913345265081	104.19155886531809	86.12978673582919	60.26412805587311	93.04656054899621
pegRNA_403	V568V	709.080682942048	802.5282814789401	754.0993022826488	746.8359139330452	765.125575190389	786.1241461767758
pegRNA_404	Y572Y	400.5592889014494	340.67439869049025	388.91304645767246	887.3634607125558	305.1348255993575	424.6740455825981
pegRNA_405	Y572Y	238.52074161121908	124.9901596985244	152.6767397234364	191.52544682046226	159.4329463756643	172.97117025133912
pegRNA_406	R601R	127.03822107554059	187.4852395477866	149.58194094525862	197.19188015834575	265.46729827144105	225.45897363795237
pegRNA_407	R601R	82.96373621259794	128.0387001789762	127.91834949801428	151.86041345527775	83.91207703982332	140.76274544591735
pegRNA_408	G603G	112.77882891400031	153.95129426281662	164.02433524342155	167.72642680135155	144.17620509569642	131.2195084665331
pegRNA_409	G603G	138.7049964804372	130.32510553931508	90.7807641598811	135.99440010920398	231.13963039151332	121.6762714871489
pegRNA_410	safe-target-1	1323.5308542666014	1575.333293273475	2059.0727870809396	1661.3982546674417	1782.7502185642463	1778.6207920327354
pegRNA_411	safe-target-2	630.0058718644156	589.892582967426	658.160540159138	723.0368939139344	633.9176001826653	565.4367910285155
pegRNA_412	safe-target-3	1179.640624272877	1292.5811637115694	1350.3638668782314	1168.4185542715775	1212.9109317574462	1124.9090589449158
pegRNA_413	safe-target-4	1350.7533302113602	1531.8915914270367	1527.79899682709	1361.0772877596164	1331.9135137411956	1659.3303297904324
pegRNA_414	safe-target-5	1167.9738488679802	985.440710306049	1042.9471882459068	1070.9559008599813	1115.2677875656518	1149.9600560157994
pegRNA_415	safe-target-6	2291.873212873018	2622.506948308673	2604.788971632952	2757.2864622141105	3000.2381727056827	2435.911238987824
pegRNA_416	safe-target-7	2695.0251185311113	2435.0217087608867	2450.0490327240636	2441.099481960211	2573.8122539305805	2367.9156755097115
pegRNA_417	safe-target-8	2211.502093417064	2412.919790277611	2473.77582335676	2617.8922021021763	2817.1572773460684	2491.977756241706
pegRNA_418	safe-target-9	63.519110537770295	76.97564713140831	43.32718289448871	48.73132670579809	109.8485372157687	60.83813574357445
pegRNA_419	safe-target-10	1585.3851466876138	1701.8477232122254	1347.2690681000536	2010.4505482810653	2309.8706297871363	1207.2194778921048
pegRNA_420	safe-target-11	233.3355080979317	291.89775100326125	268.21589410873963	362.6517336245439	286.0638989993977	282.71839551425774
pegRNA_421	safe-target-12	0.0	22.101918483275654	34.04278655995542	57.79762004641169	45.77022383990363	15.50776009149937
pegRNA_422	safe-target-13	36.296634593011596	6.097080960903629	84.59116660352558	45.33146670306799	21.359437791955028	31.01552018299874
pegRNA_423	safe-target-14	2647.061708533203	2848.8610789822205	2754.3709125782107	2503.4302486769298	2975.0645495937356	2427.560906630863
pegRNA_424	safe-target-15	1982.0555104540977	1918.2940973243042	1115.1591597367212	1934.5203415534263	2259.5233835632425	910.1862269087707
pegRNA_425	safe-target-16	4985.602023025807	5712.9648603667	6752.850933983883	5700.431937910799	6719.831696761851	5556.549731246467
pegRNA_426	safe-target-17	4031.519056580931	5130.693628600404	5597.459390130851	4860.666517236465	5563.370707740286	4858.7005271289945
pegRNA_427	safe-target-18	4486.523297371898	5783.843426537205	5838.8536948287165	5378.578524319017	6524.545408378262	5164.08411046929
pegRNA_428	safe-target-19	3659.478552002562	3969.9618406683753	4386.361468270618	3813.5096363955945	4077.3641070714148	3242.3147637457914
pegRNA_429	safe-target-20	3550.5886482235273	3682.6369003857917	3830.329287791347	3705.847402975808	4204.757896759146	3530.997682372164
pegRNA_430	safe-target-21	1845.9431307303041	2611.837056627092	2650.1793537128924	2557.8280087206113	3224.512269521211	2759.1883916644647
pegRNA_431	safe-target-22	1949.6478009960515	1813.1194507487166	2297.3722930006275	2183.8434084203004	2244.2666422832745	2316.620776745521
pegRNA_432	safe-target-23	2521.319795835984	2501.3274642107135	2480.9970205058416	2572.560735399108	2862.927501185972	2397.7382910702872
pegRNA_433	safe-target-24	40.18555972797713	13.718432162033164	2.063199185451843	4.533146670306799	13.731067151971088	1.1929046224230284
pegRNA_434	safe-target-25	696.1175991588295	784.9991737163422	770.6048957662634	649.373260521449	779.6194794063584	737.2150566574315
pegRNA_435	safe-target-26	505.5602675455187	672.2031759396251	632.3705503409899	644.8401138511422	776.5681311503649	512.9489876419022
pegRNA_436	safe-target-27	1705.941825871545	2019.658068299327	2043.5987931900506	1789.4596481036087	1857.5082508360888	2268.9045918486
pegRNA_437	safe-target-28	123.14929594057506	143.28140258123528	150.61354053798456	177.92600680954186	112.13704840776388	192.05764421010758
pegRNA_438	safe-target-29	50.556026754551866	106.6989168158135	155.77153850161417	132.59454010647386	103.74584070378155	144.34145931318645
pegRNA_439	safe-target-30	0.0	0.0	0.0	0.0	18.30808953596145	0.0
pegRNA_440	safe-target-31	2871.323057982882	3162.8607484687573	2787.3820995454403	2944.2787623642657	3610.507823904398	3131.3746338604496
pegRNA_441	safe-target-32	2626.3207744800534	3099.603533499382	3633.293765580696	3186.8021092256795	3287.064908769079	3198.177292716139
pegRNA_442	safe-target-33	2927.064318250721	3047.0162102115883	3152.5683553704166	3118.8049091710777	3142.888703673382	2972.7183190781866
pegRNA_443	safe-target-34	16.852008918183955	36.58248576542177	24.75839022542212	35.13188669487769	70.18100988785223	59.64523112115142
pegRNA_444	safe-target-35	1318.345620753314	1524.2702402259072	1807.3624864558146	1754.3277614087312	2128.315408555519	1845.423450888425
pegRNA_445	safe-target-36	1359.8274888596131	1754.435046500019	1680.4757365505263	1800.7925147793758	2334.281415835085	1763.113031941236
pegRNA_446	safe-target-37	4938.934921406221	5274.737166301752	5367.41268095297	4894.665117263766	6166.011988299017	5657.946624152424
pegRNA_447	safe-target-38	4432.07834548238	4961.499631935328	5323.053898465755	4638.542330391432	5133.89344070919	4561.66727614566
pegRNA_448	safe-target-39	4336.151525486564	5049.907305868431	5219.8939391931635	4840.267357220085	5662.539526060077	5351.370136189706
pegRNA_449	safe-target-40	4062.6304576606553	4433.339993697051	4937.2356507862605	4330.28835681057	5257.47304507693	4834.842434680534
pegRNA_450	safe-target-41	1110.9362802218193	1076.8969247196035	1490.6614114889567	1137.8198142470064	1601.1949973326286	1257.321472033872
pegRNA_451	safe-target-42	444.63377376439206	313.2375343664239	463.1882171339388	469.1806803767537	2099.32760012358	390.07981153233027
pegRNA_452	safe-target-43	591.1166205147603	538.8295299198581	420.892633832176	499.77942040132456	644.5973190786427	436.6030918068284
pegRNA_453	safe-target-44	3441.6987444444926	3770.2824391987815	4212.021137099938	3872.440543109583	4961.492264245553	3955.6717279547624
pegRNA_454	safe-target-45	3488.365846064079	3340.4382314550758	3652.8941578424883	3345.4622426864175	3869.8724256638516	3744.5276097858864
pegRNA_455	safe-target-46	1861.4988312701662	2024.9930141401178	2166.3591447244353	2183.8434084203004	2110.770156083556	2166.31479432022
pegRNA_456	safe-target-47	1403.9019737225558	1964.7843396511944	1792.9200921576517	1861.9899948285176	2056.6087245396698	1837.0731185314637
pegRNA_457	safe-target-48	1285.9379112952681	1654.5953457652222	1512.3250029362011	1613.8002146292204	1539.4051951487586	1629.507714229857
pegRNA_458	safe-target-49	1974.2776601841665	2028.0415546205695	2127.1583602008504	2162.310961736343	2378.5259655469918	2124.5631325354134
pegRNA_459	safe-target-50	964.453433471451	954.9553055015308	977.9564139041737	837.4988473391811	1179.3461009415169	895.8713714396944
pegRNA_460	non-target-1	1668.3488829002117	1762.8185328212617	1665.0017426596376	1782.6599280981486	2015.4155230837564	2048.21723670034
pegRNA_461	non-target-2	733.710542130163	724.028364107306	935.6608306024109	567.7766204559266	595.0129099187471	553.5077448042852
pegRNA_462	non-target-3	0.0	0.0	1.0315995927259216	0.0	1.5256741279967876	0.0
pegRNA_463	non-target-4	475.7451748441163	509.106260235453	743.7833063553895	565.5100471207732	418.0347110711198	571.4013141406306
pegRNA_464	non-target-5	1437.6059915589235	1468.6343764576616	1678.4125373650745	917.9622007371268	898.6220613901079	1500.6740150081698
pegRNA_465	non-target-6	772.5997934798182	792.6205249174717	930.5028326387813	854.4981473528316	736.13776675845	716.93567807624
pegRNA_466	non-target-7	1248.3449683239346	978.5814942250324	1081.1163731767658	1053.9566008463307	1306.7398906292485	1227.4988564732962
pegRNA_467	non-target-8	1008.5279183343937	951.9067650210791	1157.4547430384841	996.158980799919	1090.0941644537047	1080.7715879152638
pegRNA_468	non-target-9	620.9317132161627	521.3004221572603	474.5358126539239	492.97970039586437	514.9150181989158	642.9755914860123
pegRNA_469	non-target-10	1672.237808035177	1689.653561290418	1580.410576056112	1432.4743478169485	1685.107074372452	1308.6163707980622
pegRNA_470	non-target-11	754.4514761833125	1137.1055992085267	1683.570535328704	1222.816314315259	1109.927928117663	1260.900185901141
pegRNA_471	non-target-12	1087.602729412026	1151.586166490673	1028.5047939477438	1001.8254141378026	1289.9574752212839	1039.0199261304579
pegRNA_472	non-target-13	1593.1629969575447	1773.488424502843	1807.3624864558146	1605.8672079561834	1505.0775272688309	1891.946731162923
pegRNA_473	non-target-14	1495.9398685834065	1047.9357901553112	1339.0162713582463	1239.8156143289095	1197.6541904774783	1479.2017318045553
pegRNA_474	non-target-15	1327.419779401567	1157.6832474515766	1635.0853544705858	796.7005273064199	1204.5197240534637	1325.3170355119846
pegRNA_475	non-target-16	938.5272659050141	956.4795757417568	912.9656395624406	1022.2245741541832	1026.778688141838	1091.507729517071
pegRNA_476	non-target-17	733.710542130163	672.965311059738	994.4620073877884	701.5044472299771	529.4089224148853	719.3214873210861
pegRNA_477	non-target-18	1571.1257545260735	2087.48809398938	2000.271610295562	1788.3263614360321	2373.9489431630013	2653.019880268815
pegRNA_478	non-target-19	1293.715761565199	1610.3915087986709	1392.659450179994	1550.3361612449253	1414.2999166530221	1531.6895351911685
pegRNA_479	non-target-20	1651.4968739820276	1581.4303742343786	1612.3901634306155	1806.4589481172593	1923.875075403949	1670.0664713922397
pegRNA_480	non-target-21	1600.9408472274758	1613.4400492791228	1759.9089051904223	1790.5929347711856	1852.9312284520986	2135.299274137221
pegRNA_481	non-target-22	1677.4230415484644	1635.5419677623984	1919.8068420629402	1578.6683279343426	1594.329463756643	1623.5431911177416
pegRNA_482	non-target-23	2162.242375040834	1852.7504769945901	2359.2682685641826	2092.0471883465875	2309.8706297871363	2177.050935922027
pegRNA_483	non-target-24	1622.978089658947	1816.1679912291684	2044.6303927827767	1476.6725278524398	1839.2001613001275	1936.084202192575
pegRNA_484	non-target-25	1676.1267331701426	1481.5906734995817	1448.365828187194	1337.2782677405057	1506.6032013968277	1507.8314427427078
pegRNA_485	non-target-26	672.7840483490364	874.9311178896708	916.0604383406184	652.773120524179	801.7417542623119	898.2571806845403
pegRNA_486	non-target-27	1479.0878596652226	1517.4110241448907	1761.972104375874	1461.9398011739427	1532.5396615727732	1506.638538120285
pegRNA_487	non-target-28	1160.1959985980493	905.4165226941889	1201.8135255256987	792.1673806361131	1109.1650910536646	1006.811501325036
pegRNA_488	non-target-29	2504.4677869178004	2160.653065520223	2299.435492186079	2311.904801856467	2435.7387453468714	2546.8513688731655
pegRNA_489	non-target-30	1607.422389119085	1965.5464747713072	2283.9614982951903	2177.0436884148403	2305.293607403146	2115.0198955560295
pegRNA_490	non-target-31	2396.874191517087	2530.288598775006	2425.290642498642	2364.0359885649955	2650.09596033042	2806.904576561386
pegRNA_491	non-target-32	1594.4593053358667	1441.9596472537082	1485.5034135253272	1489.1386811957834	1511.9430608448165	1445.8004023767105
pegRNA_492	non-target-33	1258.7154353505093	858.9262803672987	1424.6390375544977	1101.554640884552	1032.118547589827	1139.2239144139921
pegRNA_493	non-target-34	1160.1959985980493	1386.3237834854626	1231.7299137147504	1571.8686079288825	1566.867329452701	1653.3658066783173
pegRNA_494	non-target-35	1521.8660361498435	1667.5516428071423	1802.204488492185	1559.4024545855389	1539.4051951487586	1637.858046586818
pegRNA_495	non-target-36	1652.7931823603494	2073.007526707234	1768.1617019322296	1746.3947547356943	2222.144367427321	2067.303710659108
pegRNA_496	non-target-37	964.453433471451	1326.1151089965392	1078.021574398588	1044.8903075057171	1229.6933471654108	1389.733885122828
pegRNA_497	non-target-38	939.823574283336	996.1106019876304	1446.3026290017422	1005.2252741405326	987.8739978779199	1173.81814846426
pegRNA_498	non-target-39	2232.2430274702133	2201.0462268862098	2038.4407952264212	2011.5838349486419	2145.0978239634833	2236.6961670431783
pegRNA_499	non-target-40	1727.9790683030164	1698.0370476116607	1839.3420738303182	1535.6034345664282	1826.994768276153	2307.077539766137
pegRNA_500	non-target-41	992.9722177945315	1156.9211123314635	1121.3487572930767	1209.2168743043385	1078.6516084937289	1198.8691455351436
