sgRNA	Gene	REP1_Q2	REP2_Q2	REP3_Q2	REP1_Q4	REP2_Q4	REP3_Q4
pegRNA_1	p.R601L	108.1405805194452	147.75906142628423	128.86265894424997	130.9278596714606	90.13879379925984	123.89781732034727
pegRNA_2	p.R601L	309.831345773966	504.56983198160765	436.74928031440425	417.2560761492343	416.2773386365818	413.87143232541536
pegRNA_3	p.R601L	80.67630610180832	90.84445998801179	768.8517033653571	160.29485623328355	143.40262649882249	130.48812675228064
pegRNA_4	p.R601L	72.0937203462968	62.387159268875564	95.13350660313756	53.83949369667539	81.12491441933386	64.58503243294699
pegRNA_5	p.R601L	126.1640106060194	234.22547514981352	121.94385846402179	107.67898739335078	130.29152921893015	113.35332222925389
pegRNA_6	p.V155F	462.6013722220711	407.1583025968721	486.04573373603006	535.9476872532687	442.49953319636654	589.1736632148429
pegRNA_7	p.V155F	663.4338789010408	733.322749300818	661.6102959218204	697.4661683432948	737.4992219939442	694.6186141257767
pegRNA_8	p.V155F	114.14839054830327	77.7103211945643	91.67410636302347	133.37510938494586	99.9721167591791	130.48812675228064
pegRNA_9	p.V155F	72.95197892184795	48.15850890930746	42.37765294139764	40.37962027250654	36.05551751970394	55.35859922824027
pegRNA_10	p.V155F	69.51894461964334	89.74994842189116	45.837053181511735	64.85211740735899	59.81938133950881	89.62820827429377
pegRNA_11	p.G333C	40.33815305090416	24.07925445465373	24.215801680798652	25.69612199159507	27.041638139777955	73.8114656376537
pegRNA_12	p.G333C	186.24211089460007	169.64929274869672	145.29481008479192	200.67447650579007	152.41650587874847	150.25905504808074
pegRNA_13	p.G333C	65.22765174188758	36.11888168198059	34.59400240114093	29.366996561822937	50.80550195958282	43.49604225076021
pegRNA_14	p.G333C	115.86490769940556	125.86883010387176	80.43105558265266	105.23173767986553	113.90265761906471	138.39649807060067
pegRNA_15	p.G333C	39.47989447535301	35.024370115859966	32.86430228108389	51.39224398319014	18.84720233984524	25.043175841346788
pegRNA_16	p.G186C	244.60369403207844	179.49989684378232	203.23976410670298	292.44634076148674	231.90253313809578	271.52074859565465
pegRNA_17	p.G186C	163.06912935471894	106.16762191370053	115.88990804382212	140.7168585254016	149.95817513876867	137.078436184214
pegRNA_18	p.G186C	300.3905014429033	244.07607924489915	236.9689164478154	417.2560761492343	327.77743199730855	379.60182327936184
pegRNA_19	p.G186C	98.69973618838252	103.97859878145927	113.29535786373656	85.65373997198357	75.38880935938096	118.62556977480058
pegRNA_20	p.G186C	39.47989447535301	53.63106673991057	47.56675330156878	56.28674341016063	36.05551751970394	50.086351682693575
pegRNA_21	p.G364C	2.574775726653457	4.378046264482496	2.59455018008557	4.89449942697049	0.8194435799932713	1.318061886386673
pegRNA_22	p.G364C	67.80242746854104	31.740835417498094	77.8365054025671	41.60324512924916	122.9165369989907	54.0405373418536
pegRNA_23	p.G364C	29.18079156873918	29.551812285256847	8.648500600285233	2.447249713485245	13.930540859885612	0.0
pegRNA_24	p.G364C	24.88949869098342	40.49692794646309	17.297001200570467	69.74661683432947	14.749984439878883	2.636123772773346
pegRNA_25	p.G364C	22.314722964329963	12.039627227326864	16.432151140541944	26.919746848337695	28.680525299764497	23.725113954960115
pegRNA_26	p.G430C	17.165171511023047	21.89023132241248	38.91825270128355	22.025247421367204	13.111097279892341	27.679299614120136
pegRNA_27	p.G430C	32.61382587094379	70.04874023171993	80.43105558265266	41.60324512924916	77.84714009936077	112.03526034286722
pegRNA_28	p.G430C	1.7165171511023047	2.189023132241248	2.59455018008557	1.2236248567426224	1.6388871599865427	10.544495091093385
pegRNA_29	p.G430C	240.31240115432266	298.8016575509303	217.07736506715935	155.40035680631306	233.54142029808233	166.0757976847208
pegRNA_30	p.G430C	106.4240633683429	184.97245467438546	93.40380648308052	138.26960881191633	132.74985995890995	155.53130259362743
pegRNA_31	p.R272C	2.574775726653457	13.134138793447487	14.702451020484895	31.814246275308182	21.305533079825054	21.08899018218677
pegRNA_32	p.R272C	41.196411626455316	41.59143951258371	44.97220312148321	45.27411969947703	38.513848259683755	69.85727997849368
pegRNA_33	p.R272C	11.157361482164982	21.89023132241248	19.891551380656036	41.60324512924916	25.40275097979141	17.13480452302675
pegRNA_34	p.R272C	85.82585755511523	79.89934432680555	70.05285486231038	78.31199083152784	116.36098835904453	73.8114656376537
pegRNA_35	p.R272C	75.52675464850141	102.88408721533865	148.754210324906	88.10098968546882	95.05545527921947	97.5365795926138
pegRNA_36	p.G480W	542.4194197483283	614.02098859367	569.0713394987683	495.56806698076207	476.9161635560839	500.8635168269358
pegRNA_37	p.G480W	187.1003694701512	296.6126344186891	293.1841703496694	275.31559276709004	226.98587165813615	296.56392443700145
pegRNA_38	p.G480W	163.9273879302701	118.20724914102739	132.32205918436406	143.16410823888683	149.1387315587754	181.89254032136088
pegRNA_39	p.G480W	248.03672833428303	332.7315161006697	389.18252701283546	288.7754661912589	371.2079417369519	272.8388104820413
pegRNA_40	p.G480W	57.50332456192721	52.53655517378995	53.62070372176844	57.51036826690326	65.5554863994617	54.0405373418536
pegRNA_41	p.R320L	117.58142485050787	141.19199202956048	130.592359064307	137.0459839551737	135.20819069888978	109.39913657009387
pegRNA_42	p.R320L	35.18860159759725	26.268277586894975	44.97220312148321	67.29936712084424	63.91659923947516	65.90309431933366
pegRNA_43	p.R320L	48.06248023086453	39.40241638034246	71.78255498236743	37.932370559021294	90.95823737925312	23.725113954960115
pegRNA_44	p.R320L	190.53340377235583	145.57003829404297	193.72641344638922	210.46347535973106	251.5691790579343	139.71455995698736
pegRNA_45	p.R320L	62.65287601523412	66.76520553335806	81.29590564268119	116.24436139054913	82.7638015793204	69.85727997849368
pegRNA_46	p.R320Q	141.61266496594016	217.80780165800417	157.40271092519123	159.0712313765409	214.6942179582371	89.62820827429377
pegRNA_47	p.R320Q	44.629445928659926	58.00911300439307	26.81035186088422	99.11361339615242	89.31935021926658	61.948908660173636
pegRNA_48	p.R320Q	48.06248023086453	39.40241638034246	70.91770492233891	101.56086310963767	72.93047861940114	65.90309431933366
pegRNA_49	p.R320Q	151.91176787255398	152.13710769076673	113.29535786373656	184.76735336813599	254.02750979791412	148.94099316169405
pegRNA_50	p.R320Q	66.08591031743873	84.27739059128804	70.05285486231038	61.18124283713112	63.91659923947516	22.407052068573442
pegRNA_51	p.R362Q	15.448654359920743	18.606696624050606	9.513350660313757	14.683498280911468	31.95829961973758	50.086351682693575
pegRNA_52	p.R362Q	12.873878633267285	8.756092528964992	8.648500600285233	13.459873424168848	18.84720233984524	10.544495091093385
pegRNA_53	p.R362Q	104.70754621724059	42.685951078704335	45.837053181511735	63.628492550616365	38.513848259683755	51.40441356908025
pegRNA_54	p.R362Q	26.606015842085725	20.795719756291856	35.45885246116946	42.826869985991785	48.347171219603005	9.226433204706712
pegRNA_55	p.R362Q	14.59039578436959	7.661580962844368	5.18910036017114	22.025247421367204	17.208315179858698	2.636123772773346
pegRNA_56	p.G462V	54.92854883527375	107.26213347982114	72.64740504239596	85.65373997198357	59.81938133950881	68.539218092107
pegRNA_57	p.G462V	53.21203168417145	86.46641372352929	41.51280288136912	69.74661683432947	43.430509739643384	72.49340375126702
pegRNA_58	p.G462V	174.22649083688393	160.8932002197317	155.6730108051342	162.7421059467688	144.22207007881576	147.6229312753074
pegRNA_59	p.G462V	97.84147761283137	84.27739059128804	142.70025990470634	72.19386654781472	101.61100391916564	84.35596072874708
pegRNA_60	p.G462V	19.739947237676503	26.268277586894975	27.675201920912745	25.69612199159507	24.58330739979814	30.31542338689348
pegRNA_61	p.C297F	84.96759897956409	89.74994842189116	72.64740504239596	67.29936712084424	99.9721167591791	98.85464147900048
pegRNA_62	p.C297F	36.0468601731484	19.70120819017123	23.35095162077013	25.69612199159507	21.305533079825054	36.90573281882685
pegRNA_63	p.C297F	47.20422165531338	16.41767349180936	29.40490204096979	40.37962027250654	30.31941245975104	42.17798036437354
pegRNA_64	p.C297F	75.52675464850141	86.46641372352929	53.62070372176844	105.23173767986553	77.84714009936077	67.22115620572033
pegRNA_65	p.C297F	475.4752508553384	489.2466700559189	456.6408316950603	349.95670902839004	457.2495176362454	479.774526644749
pegRNA_66	p.G332C	36.0468601731484	30.64632385137747	19.026701320627513	30.59062141856556	11.4722101199058	54.0405373418536
pegRNA_67	p.G332C	178.5177837146397	217.80780165800417	215.3476649471023	282.6573419075458	256.4858405378939	195.0731591852276
pegRNA_68	p.G332C	182.80907659239546	125.86883010387176	171.2403118856476	184.76735336813599	136.8470778588763	173.98416900304085
pegRNA_69	p.G332C	36.90511874869955	111.64017974430364	51.02615354168287	40.37962027250654	31.95829961973758	32.95154715966683
pegRNA_70	p.G332C	34.330343022046094	32.83534698361872	32.86430228108389	41.60324512924916	65.5554863994617	34.2696090460535
pegRNA_71	p.P278S	11.157361482164982	20.795719756291856	20.75640144068456	20.80162256462458	22.124976659818326	31.633485273280154
pegRNA_72	p.P278S	6.007810028858066	4.378046264482496	17.297001200570467	8.565373997198357	4.097217899966356	6.590309431933365
pegRNA_73	p.P278S	51.49551453306914	38.307904814221835	26.81035186088422	31.814246275308182	43.430509739643384	34.2696090460535
pegRNA_74	p.P278S	88.40063328176869	48.15850890930746	55.35040384182549	53.83949369667539	45.8888404796232	61.948908660173636
pegRNA_75	p.P278S	199.11598952786736	356.8107705553234	248.21196722818618	402.5725778683228	304.83301175749693	263.61237727733464
pegRNA_76	p.R413C	174.22649083688393	228.7529173192104	264.64411836872813	280.21009219406056	217.1525486982169	279.4291199139747
pegRNA_77	p.R413C	212.8481267366858	205.7681744306773	165.18636146544793	253.29034534572284	193.38868487841202	183.21060220774757
pegRNA_78	p.R413C	56.64506598637605	52.53655517378995	38.053402641255026	61.18124283713112	70.47214787942133	46.13216602353356
pegRNA_79	p.R413C	296.9574671406987	211.2407322612804	294.0490204096979	266.7502187698917	341.70797285719414	221.4343969129611
pegRNA_80	p.R413C	102.99102906613828	95.22250625249428	135.78145942447816	152.9531070928278	155.69428019872154	125.21587920673394
pegRNA_81	p.R413L	193.96643807456044	315.21933104273967	185.94276290613251	223.9233487838999	226.1664280781429	249.1136965270812
pegRNA_82	p.R413L	124.4474934549171	195.91757033559168	129.7275090042785	201.8981013625327	122.09709341899743	138.39649807060067
pegRNA_83	p.R413L	31.755567295392638	17.512185057929983	19.891551380656036	50.16861912644752	53.263832699562634	18.452866409413424
pegRNA_84	p.R413L	70.3772031951945	108.35664504594178	120.21415834396474	135.8223590984311	146.68040081879556	117.30750788841391
pegRNA_85	p.R413L	161.35261220361664	181.68891997602358	161.72696122533384	182.32010365465075	166.34704673863408	113.35332222925389
pegRNA_86	p.L237V	105.56580479279174	105.0731103475799	116.75475810385065	130.9278596714606	112.26377045907817	105.44495091093384
pegRNA_87	p.L237V	60.93635886413182	91.93897155413241	85.6201559428238	70.9702416910721	104.06933465914545	75.12952752404037
pegRNA_88	p.L237V	226.5802639455042	487.0576469236777	329.50787287086735	276.53921762383266	207.31922573829766	337.4238429149883
pegRNA_89	p.L237V	4.291292877755762	10.94511566120624	10.37820072034228	13.459873424168848	10.652766539912527	22.407052068573442
pegRNA_90	p.L237V	56.64506598637605	44.87497421094558	26.81035186088422	128.48060995797536	49.98605837958955	44.814104137146884
pegRNA_91	p.H311R	697.7642219230869	801.1824664002967	799.9863055263841	626.4959266522227	639.9854359747449	673.52962394359
pegRNA_92	p.H311R	147.6204749947982	183.87794310826482	148.754210324906	134.59873424168848	124.55542415897725	209.57183993548102
pegRNA_93	p.H311R	120.15620057716133	154.326130823008	149.61906038493453	112.57348682032126	144.22207007881576	113.35332222925389
pegRNA_94	p.H311R	36.0468601731484	32.83534698361872	34.59400240114093	40.37962027250654	49.16661479959628	50.086351682693575
pegRNA_95	p.H311R	1.7165171511023047	42.685951078704335	15.567301080513419	6.1181242837131125	44.24995331963665	7.908371318320039
pegRNA_96	p.G603V	81.53456467735947	169.64929274869672	104.64685726345131	67.29936712084424	87.68046305928003	72.49340375126702
pegRNA_97	p.G603V	16.306912935471896	42.685951078704335	37.1885525812265	31.814246275308182	55.72216343954245	31.633485273280154
pegRNA_98	p.G603V	23.172981539881114	28.45730071913622	27.675201920912745	13.459873424168848	23.763863819804868	17.13480452302675
pegRNA_99	p.G603V	162.2108707791678	249.54863707550226	209.29371452690262	215.35797478670156	227.80531523812942	147.6229312753074
pegRNA_100	p.G603V	18.0234300865742	39.40241638034246	25.9455018008557	61.18124283713112	34.416630359717395	43.49604225076021
pegRNA_101	p.E192K	179.37604229019084	187.1614778066267	217.07736506715935	145.61135795237206	153.23594945874174	187.16478786690757
pegRNA_102	p.E192K	81.53456467735947	95.22250625249428	127.13295882419293	83.20649025849832	80.30547083934059	104.12688902454717
pegRNA_103	p.E192K	190.53340377235583	160.8932002197317	194.59126350641773	152.9531070928278	169.62482105860715	177.93835466220088
pegRNA_104	p.E192K	113.2901319727521	60.19813613663432	135.78145942447816	122.36248567426225	100.79156033917238	86.99208450152042
pegRNA_105	p.E192K	72.0937203462968	76.61580962844367	78.70135546259561	117.46798624729175	64.73604281946844	88.3101463879071
pegRNA_106	p.L281M	34.330343022046094	27.362789153015598	30.269752100998314	40.37962027250654	50.80550195958282	43.49604225076021
pegRNA_107	p.L281M	96.98321903728022	126.96334166999237	123.67355858407883	133.37510938494586	85.22213231930021	117.30750788841391
pegRNA_108	p.L281M	11.157361482164982	5.47255783060312	6.053950420199663	23.248872278109825	22.9444202398116	18.452866409413424
pegRNA_109	p.L281M	138.17963066373554	125.86883010387176	92.53895642305199	99.11361339615242	138.48596501886286	110.71719845648055
pegRNA_110	p.L281M	64.36939316633642	32.83534698361872	46.70190324154026	70.9702416910721	38.513848259683755	54.0405373418536
pegRNA_111	p.W252C	96.12496046172906	74.42678649620242	76.97165534253857	110.12623710683602	65.5554863994617	71.17534186488035
pegRNA_112	p.W252C	116.72316627495672	106.16762191370053	91.67410636302347	117.46798624729175	106.52766539912527	108.0810746837072
pegRNA_113	p.W252C	260.05234839199915	166.36575805033485	143.56510996473486	237.38322220806876	149.1387315587754	201.663468617161
pegRNA_114	p.W252C	588.7653828280905	449.84425367557645	532.7476369775703	549.4075606774375	467.90228417615793	582.5833537829095
pegRNA_115	p.W252C	18.881688662125352	6.567069396723744	4.324250300142617	7.341749140455734	14.749984439878883	6.590309431933365
pegRNA_116	p.V568F	96.98321903728022	119.301760707148	131.45720912433555	112.57348682032126	114.72210119905799	93.58239393345379
pegRNA_117	p.V568F	40.33815305090416	25.17376602077435	19.891551380656036	41.60324512924916	19.666645919838512	34.2696090460535
pegRNA_118	p.V568F	16.306912935471896	7.661580962844368	15.567301080513419	25.69612199159507	31.95829961973758	18.452866409413424
pegRNA_119	p.V568F	64.36939316633642	79.89934432680555	63.99890444211072	69.74661683432947	95.87489885921275	68.539218092107
pegRNA_120	p.V568F	163.9273879302701	105.0731103475799	140.10570972462077	183.54372851139337	144.22207007881576	170.02998334388084
pegRNA_121	p.R71L	64.36939316633642	38.307904814221835	55.35040384182549	79.53561568827045	51.624945539576096	50.086351682693575
pegRNA_122	p.R71L	986.9973618838252	784.7647929084874	801.7160056464411	725.6095400483752	895.6518329326456	894.9640208565511
pegRNA_123	p.R71L	128.73878633267284	109.45115661206239	73.51225510242448	138.26960881191633	96.69434243920601	142.3506837297607
pegRNA_124	p.R71L	823.0699739535552	851.5299984418455	930.578664590691	740.2930383292866	884.1796228127398	859.3763499241109
pegRNA_125	p.R71L	478.90828515754305	512.231412944452	549.1797881181122	431.93957443014574	381.86070827686444	481.0925885311357
pegRNA_126	p.R234W	328.71303443609133	409.3473257291134	262.0495681886425	208.01622564624583	245.8330739979814	263.61237727733464
pegRNA_127	p.R234W	139.89614781483783	123.67980697163051	107.24140744353689	165.18935566025402	168.8053774786139	204.29959238993433
pegRNA_128	p.R234W	54.0702902597226	125.86883010387176	57.080103961882536	165.18935566025402	102.43044749915892	57.99472300101362
pegRNA_129	p.R234W	118.43968342605903	112.73469131042427	108.97110756359393	134.59873424168848	92.59712453923966	102.8088271381605
pegRNA_130	p.R234W	15.448654359920743	16.41767349180936	15.567301080513419	23.248872278109825	18.84720233984524	15.816742636640077
pegRNA_131	p.N414I	307.25657004731255	250.64314864162287	300.1029708298976	391.5599541576392	412.99956431660877	280.7471818003614
pegRNA_132	p.N414I	308.1148286228637	364.4723515181678	345.9400240114093	394.00720387112443	394.15236197676353	259.6581916181746
pegRNA_133	p.N414I	370.7677046380978	377.6064903116153	396.96617755309217	438.0576987138588	432.6662102364473	350.60446177885507
pegRNA_134	p.N414I	190.53340377235583	251.73766020774352	195.45611356644625	244.7249713485245	285.9858094176517	204.29959238993433
pegRNA_135	p.N414I	206.84031670782772	137.9084573311986	193.72641344638922	140.7168585254016	267.95805065779973	160.80355013917412
pegRNA_136	p.V369L	5.149551453306914	32.83534698361872	40.647952821340596	55.06311855341801	2.458330739979814	22.407052068573442
pegRNA_137	p.V369L	6.866068604409219	9.850604095085615	32.86430228108389	3.670874570227867	12.29165369989907	9.226433204706712
pegRNA_138	p.V369L	25.74775726653457	8.756092528964992	26.81035186088422	8.565373997198357	27.861081719771224	26.36123772773346
pegRNA_139	p.V369L	24.031240115432265	7.661580962844368	19.891551380656036	31.814246275308182	58.99993775951553	11.862556977480057
pegRNA_140	p.V369L	12.873878633267285	3.283534698361872	21.621251500713083	12.236248567426225	35.236073939710664	14.498680750253405
pegRNA_141	p.H274R	58.36158313747836	26.268277586894975	21.621251500713083	99.11361339615242	57.361050599528994	65.90309431933366
pegRNA_142	p.H274R	19.739947237676503	27.362789153015598	20.75640144068456	44.05049484273441	59.81938133950881	54.0405373418536
pegRNA_143	p.H274R	161.35261220361664	222.18584792248666	285.4005198094127	211.68710021647368	198.30534635837165	154.21324070724074
pegRNA_144	p.H274R	22.314722964329963	14.22865035956811	12.97275090042785	11.012623710683602	7.3749922199394415	19.770928295800097
pegRNA_145	p.H274R	26.606015842085725	44.87497421094558	38.053402641255026	37.932370559021294	57.361050599528994	34.2696090460535
pegRNA_146	p.G524C	1394.6701852706226	1341.871180063885	1399.3273971261506	1268.8989764420994	1370.929109328743	1419.5526516384468
pegRNA_147	p.G524C	3472.5141966799624	3849.3971780462343	3839.934266526643	3029.6951452947333	3231.066035913469	3251.6586737159228
pegRNA_148	p.G524C	17.165171511023047	3.283534698361872	3.459400240114093	6.1181242837131125	9.013879379925985	7.908371318320039
pegRNA_149	p.G524C	2187.7011090798874	2534.888787135365	2788.276593531959	1994.5085164904747	2212.4976659818326	2321.1069819269314
pegRNA_150	p.G524C	2669.184169964084	3214.5804696962728	3239.728324866848	2711.5526825416514	2709.080475457755	2684.8920625696533
pegRNA_151	p.G378C	2.574775726653457	0.0	2.59455018008557	7.341749140455734	7.3749922199394415	6.590309431933365
pegRNA_152	p.G378C	25.74775726653457	36.11888168198059	46.70190324154026	50.16861912644752	20.486089499831785	17.13480452302675
pegRNA_153	p.G378C	16.306912935471896	22.984742888533102	17.297001200570467	26.919746848337695	0.8194435799932713	22.407052068573442
pegRNA_154	p.G378C	66.08591031743873	73.33227493008181	84.75530588279528	86.8773648287262	104.06933465914545	63.26697054656031
pegRNA_155	p.G378C	18.881688662125352	16.41767349180936	14.702451020484895	36.70874570227868	19.666645919838512	15.816742636640077
pegRNA_156	p.C171F	746.6849607295026	626.0606158209969	615.7732427403085	768.4364100343669	732.5825605139846	867.2847212424309
pegRNA_157	p.C171F	1082.264063770003	824.1672092888298	921.9301639904058	1049.87012708517	987.4295138918919	1037.3147045863118
pegRNA_158	p.C171F	952.6670188617792	855.9080447063279	680.6369972424478	785.5671580287636	921.054583912437	851.4679786057908
pegRNA_159	p.C171F	243.74543545652728	320.6918888733428	274.15746902904186	216.58159964344418	261.4025020178536	228.02470634489444
pegRNA_160	p.C171F	8.582585755511523	3.283534698361872	0.8648500600285233	3.670874570227867	5.7361050599529	3.9541856591600193
pegRNA_161	p.A510V	98.69973618838252	118.20724914102739	93.40380648308052	129.70423481471798	63.91659923947516	73.8114656376537
pegRNA_162	p.A510V	84.96759897956409	139.00296889731925	102.91715714339426	100.33723825289503	114.72210119905799	88.3101463879071
pegRNA_163	p.A510V	97.84147761283137	156.51515395524922	95.13350660313756	59.9576179803885	81.12491441933386	114.67138411564056
pegRNA_164	p.A510V	31.755567295392638	47.06399734318683	25.9455018008557	50.16861912644752	41.79162257965684	60.63084677378696
pegRNA_165	p.A510V	43.77118735310877	28.45730071913622	36.32370252119798	23.248872278109825	9.013879379925985	7.908371318320039
pegRNA_166	p.G558R	302.96527716955677	389.6461175389421	369.2909756321794	250.8430956322376	267.13860707780645	253.06788218624123
pegRNA_167	p.G558R	187.95862804570237	385.26807127445966	187.67246302618955	222.6997239271573	172.90259537858026	267.5665629364946
pegRNA_168	p.G558R	36.0468601731484	49.25302047542808	28.540051980941268	51.39224398319014	31.13885603974431	48.7682897963069
pegRNA_169	p.G558R	30.897308719841487	18.606696624050606	33.72915234111241	47.721369412962275	22.9444202398116	35.587670932440176
pegRNA_170	p.G558R	111.57361482164981	108.35664504594178	104.64685726345131	159.0712313765409	74.5693657793877	141.03262184337402
pegRNA_171	p.S102L	133.88833778597976	94.12799468637365	79.56620552262414	89.32461454221144	58.18049417952226	113.35332222925389
pegRNA_172	p.S102L	269.49319272306184	325.0699351378253	251.67136746830028	221.47609907041468	222.06921017817652	299.2000482097748
pegRNA_173	p.S102L	81.53456467735947	77.7103211945643	61.40435426202515	84.43011511524095	58.18049417952226	67.22115620572033
pegRNA_174	p.S102L	3.4330343022046095	2.189023132241248	4.324250300142617	17.130747994396714	7.3749922199394415	17.13480452302675
pegRNA_175	p.S102L	393.0824276024278	326.16444670394594	351.1291243715805	371.9819564497572	375.3051596369183	419.14367987096205
pegRNA_176	p.I416F	8.582585755511523	73.33227493008181	30.269752100998314	22.025247421367204	91.7776809592464	14.498680750253405
pegRNA_177	p.I416F	118.43968342605903	97.41152938473553	70.91770492233891	91.77186425569668	114.72210119905799	48.7682897963069
pegRNA_178	p.I416F	0.0	2.189023132241248	0.8648500600285233	4.89449942697049	8.194435799932712	1.318061886386673
pegRNA_179	p.I416F	15.448654359920743	18.606696624050606	7.783650540256709	17.130747994396714	13.111097279892341	14.498680750253405
pegRNA_180	p.I416F	18.0234300865742	12.039627227326864	9.513350660313757	9.78899885394098	0.8194435799932713	15.816742636640077
pegRNA_181	p.M161I	58.36158313747836	42.685951078704335	43.242503001426165	70.9702416910721	67.19437355944825	55.35859922824027
pegRNA_182	p.M161I	110.71535624609865	147.75906142628423	115.0250579837936	84.43011511524095	158.97205451869465	123.89781732034727
pegRNA_183	p.M161I	109.8570976705475	83.18287902516742	89.07955618293789	94.21911396918193	87.68046305928003	71.17534186488035
pegRNA_184	p.M161I	84.96759897956409	88.65543685577055	83.02560576273824	101.56086310963767	100.79156033917238	101.49076525177382
pegRNA_185	p.M161I	354.46079170262595	241.8870561126579	309.6163214902113	308.3534638991409	307.29134249747676	342.696090460535
pegRNA_186	p.N238K	70.3772031951945	108.35664504594178	124.53840864410735	119.915235960777	70.47214787942133	119.94363166118725
pegRNA_187	p.N238K	108.1405805194452	179.49989684378232	167.7809116455335	127.25698510123273	95.87489885921275	154.21324070724074
pegRNA_188	p.N238K	60.93635886413182	105.0731103475799	48.431603361597304	50.16861912644752	30.31941245975104	55.35859922824027
pegRNA_189	p.N238K	47.20422165531338	59.103624570513695	26.81035186088422	52.615868839932766	24.58330739979814	48.7682897963069
pegRNA_190	p.N238K	85.82585755511523	130.24687636835424	125.40325870413588	115.02073653380651	136.02763427888303	164.75773579833412
pegRNA_191	p.P278L	15.448654359920743	9.850604095085615	11.243050780370803	12.236248567426225	18.02775875985197	10.544495091093385
pegRNA_192	p.P278L	14.59039578436959	19.70120819017123	23.35095162077013	44.05049484273441	15.569428019872156	17.13480452302675
pegRNA_193	p.P278L	37.763377324250705	40.49692794646309	33.72915234111241	41.60324512924916	46.70828405961647	54.0405373418536
pegRNA_194	p.P278L	47.20422165531338	47.06399734318683	37.1885525812265	26.919746848337695	30.31941245975104	27.679299614120136
pegRNA_195	p.P278L	248.8949869098342	308.652261646016	275.8871691490989	305.9062141856556	261.4025020178536	333.4696572558283
pegRNA_196	p.P361L	38.62163589980186	31.740835417498094	24.215801680798652	34.26149598879343	21.305533079825054	23.725113954960115
pegRNA_197	p.P361L	18.0234300865742	9.850604095085615	25.080651740827175	7.341749140455734	10.652766539912527	28.99736150050681
pegRNA_198	p.P361L	8.582585755511523	3.283534698361872	18.16185126059899	19.57799770788196	14.749984439878883	0.0
pegRNA_199	p.P361L	27.464274417636876	87.56092528964992	55.35040384182549	69.74661683432947	53.263832699562634	31.633485273280154
pegRNA_200	p.P361L	6.007810028858066	17.512185057929983	4.324250300142617	19.57799770788196	6.555548639946171	3.9541856591600193
pegRNA_201	p.Q163L	90.97540900842215	146.66454986016362	131.45720912433555	129.70423481471798	106.52766539912527	159.48548825278743
pegRNA_202	p.Q163L	85.82585755511523	73.33227493008181	85.6201559428238	62.40486769387375	72.93047861940114	69.85727997849368
pegRNA_203	p.Q163L	111.57361482164981	140.09748046343987	121.07900840399326	138.26960881191633	90.13879379925984	98.85464147900048
pegRNA_204	p.Q163L	94.40844331062677	55.82008987215182	61.40435426202515	56.28674341016063	61.45826849949535	81.71983695597373
pegRNA_205	p.Q163L	99.55799476393368	117.11273757490676	96.86320672319461	105.23173767986553	109.80543971909836	92.26433204706711
pegRNA_206	p.R240L	69.51894461964334	121.49078383938925	70.91770492233891	55.06311855341801	54.90271985954918	90.94627016068044
pegRNA_207	p.R240L	90.97540900842215	89.74994842189116	38.91825270128355	69.74661683432947	60.63882491950208	79.08371318320039
pegRNA_208	p.R240L	38.62163589980186	71.14325179784056	35.45885246116946	67.29936712084424	49.98605837958955	52.72247545546692
pegRNA_209	p.R240L	0.0	0.0	0.0	0.0	0.0	0.0
pegRNA_210	p.R240L	78.95978895070601	93.03348312025304	129.7275090042785	88.10098968546882	63.09715565948189	88.3101463879071
pegRNA_211	p.R71W	57.50332456192721	59.103624570513695	57.080103961882536	80.75924054501309	55.72216343954245	73.8114656376537
pegRNA_212	p.R71W	58.36158313747836	43.78046264482496	19.891551380656036	47.721369412962275	40.15273541967029	31.633485273280154
pegRNA_213	p.R71W	104.70754621724059	79.89934432680555	87.34985606288085	84.43011511524095	108.16655255911182	81.71983695597373
pegRNA_214	p.R71W	649.7017416922223	793.5208854374523	702.258248743161	621.6014272252522	749.7908756938433	797.4274412639372
pegRNA_215	p.R71W	603.3557786124601	490.3411816220395	527.5585366173992	429.4923247166605	385.9579261768308	554.9040541687893
pegRNA_216	p.S224F	250.61150406093648	213.42975539352167	185.07791284610397	298.5644650451999	202.40256425833803	289.9736150050681
pegRNA_217	p.S224F	211.98986816113464	203.57915129843605	244.7525669880721	477.21369412962275	498.221696635909	465.2758458944956
pegRNA_218	p.S224F	60.078100288580664	31.740835417498094	32.86430228108389	31.814246275308182	47.527727639609736	44.814104137146884
pegRNA_219	p.S224F	162.2108707791678	124.77431853775113	95.13350660313756	294.89359047497203	297.4580195375575	342.696090460535
pegRNA_220	p.S224F	141.61266496594016	105.0731103475799	105.51170732347984	85.65373997198357	117.1804319390378	105.44495091093384
pegRNA_221	p.S45F	58.36158313747836	38.307904814221835	39.78310276131207	35.48512084553605	86.04157589929349	68.539218092107
pegRNA_222	p.S45F	60.93635886413182	97.41152938473553	45.837053181511735	55.06311855341801	52.444389119569365	90.94627016068044
pegRNA_223	p.S45F	61.79461743968297	116.01822600878614	51.02615354168287	51.39224398319014	62.27771207948862	75.12952752404037
pegRNA_224	p.S45F	288.3748813851872	349.14918959247905	232.64466614767275	248.39584591875234	248.29140473796122	238.56920143598782
pegRNA_225	p.S45F	22.314722964329963	64.57618240111681	24.215801680798652	63.628492550616365	52.444389119569365	19.770928295800097
pegRNA_226	p.W252L	116.72316627495672	65.67069396723744	58.80980408193958	81.9828654017557	69.65270429942807	110.71719845648055
pegRNA_227	p.W252L	208.55683385893002	195.91757033559168	159.9972611052768	209.23985050298845	159.7914980986879	228.02470634489444
pegRNA_228	p.W252L	229.15503967215767	188.2559893727473	182.48336266601842	205.56897593276057	171.2637082185937	217.48021125380106
pegRNA_229	p.W252L	541.5611611727771	454.2222999400589	450.5868812748606	544.513061250467	544.1105371155321	544.359559077696
pegRNA_230	p.W252L	6.866068604409219	0.0	7.783650540256709	12.236248567426225	13.111097279892341	3.9541856591600193
pegRNA_231	p.W403C	574.174987043721	403.87476789851024	559.5579888384545	549.4075606774375	407.26345925665584	507.4538262588691
pegRNA_232	p.W403C	3.4330343022046095	21.89023132241248	7.783650540256709	31.814246275308182	14.749984439878883	13.18061886386673
pegRNA_233	p.W403C	12.873878633267285	9.850604095085615	10.37820072034228	19.57799770788196	13.111097279892341	10.544495091093385
pegRNA_234	p.W403C	24.031240115432265	19.70120819017123	15.567301080513419	33.0378711320508	17.208315179858698	25.043175841346788
pegRNA_235	p.W403C	100.41625333948483	130.24687636835424	96.86320672319461	124.8097353877475	85.22213231930021	143.66874561614736
pegRNA_236	p.W450L	213.70638531223693	267.0608221334322	168.64576170556205	223.9233487838999	186.83313623846587	266.24850105010796
pegRNA_237	p.W450L	30.039050144290332	14.22865035956811	14.702451020484895	31.814246275308182	12.29165369989907	30.31542338689348
pegRNA_238	p.W450L	305.5400528962102	250.64314864162287	285.4005198094127	248.39584591875234	232.72197671808905	250.4317584134679
pegRNA_239	p.W450L	629.1035358789946	701.58191388332	676.3127469423052	559.1965595313785	598.1938133950881	664.3031907388832
pegRNA_240	p.W450L	355.3190502781771	293.32909972032724	274.15746902904186	242.27772163503926	272.87471213775933	262.29431539094793
pegRNA_241	p.Y300C	63.511134590785275	72.23776336396118	67.45830468222482	75.86474111804259	55.72216343954245	64.58503243294699
pegRNA_242	p.Y300C	60.93635886413182	58.00911300439307	56.21525390185401	45.27411969947703	70.47214787942133	77.76565129681372
pegRNA_243	p.Y300C	503.7977838485264	345.86565489411714	415.1280288136912	489.449942697049	521.9855604557139	693.3005522393901
pegRNA_244	p.Y300C	245.46195260762957	203.57915129843605	196.3209636264748	217.8052245001868	231.90253313809578	222.75245879934775
pegRNA_245	p.Y300C	62.65287601523412	16.41767349180936	31.134602161026837	40.37962027250654	22.124976659818326	72.49340375126702
pegRNA_246	p.Y572C	161.35261220361664	135.71943419895737	148.754210324906	165.18935566025402	154.05539303873502	119.94363166118725
pegRNA_247	p.Y572C	367.33467033589324	331.6370045345491	265.50896842875665	238.60684706481138	308.11078607747004	230.66083011766779
pegRNA_248	p.Y572C	254.90279693869226	343.6766317618759	269.8332187288993	231.26509792435564	181.09703117851296	262.29431539094793
pegRNA_249	p.Y572C	1405.8275467527876	1352.816295725091	1554.1355578712564	1306.8313470011208	1372.5679964887295	1519.725355003834
pegRNA_250	p.Y572C	156.20306075030973	122.58529540550988	146.15966014482044	127.25698510123273	126.19431131896378	137.078436184214
pegRNA_251	p.R260L	66.94416889298988	47.06399734318683	47.56675330156878	64.85211740735899	76.20825293937423	47.45022790992023
pegRNA_252	p.R260L	35.18860159759725	142.28650359568113	87.34985606288085	85.65373997198357	88.4999066392733	110.71719845648055
pegRNA_253	p.R260L	47.20422165531338	45.969485777066204	57.080103961882536	58.733993123645874	48.347171219603005	55.35859922824027
pegRNA_254	p.R260L	31.755567295392638	27.362789153015598	27.675201920912745	35.48512084553605	27.041638139777955	27.679299614120136
pegRNA_255	p.R260L	1.7165171511023047	0.0	1.7297001200570465	6.1181242837131125	0.8194435799932713	0.0
pegRNA_256	p.A184G	102.99102906613828	82.0883674590468	63.1340543820822	275.31559276709004	340.0690856972076	363.78508064272177
pegRNA_257	p.A184G	106.4240633683429	63.48167083499619	75.24195522248152	122.36248567426225	133.56930353890323	86.99208450152042
pegRNA_258	p.A184G	60.93635886413182	58.00911300439307	64.86375450213924	44.05049484273441	68.01381713944151	68.539218092107
pegRNA_259	p.A184G	184.52559374349775	106.16762191370053	102.05230708336575	679.1117954921555	655.5548639946171	620.8071484881231
pegRNA_260	p.A184G	48.920738806415685	40.49692794646309	38.053402641255026	57.51036826690326	45.06939689962992	38.22379470521352
pegRNA_261	p.R415H	215.42290246333926	325.0699351378253	254.26591764838585	289.9990910480015	349.08296507713357	206.93571616270768
pegRNA_262	p.R415H	249.75324548538535	258.30472960446724	257.72531788849994	367.08745702278674	363.0135059370192	287.3374912322947
pegRNA_263	p.R415H	137.32137208818438	94.12799468637365	117.61960816387916	195.7799770788196	152.41650587874847	148.94099316169405
pegRNA_264	p.R415H	112.43187339720096	119.301760707148	140.97055978464928	56.28674341016063	105.708221819132	63.26697054656031
pegRNA_265	p.R415H	36.90511874869955	94.12799468637365	61.40435426202515	89.32461454221144	99.15267317918583	75.12952752404037
pegRNA_266	p.R536C	31.755567295392638	30.64632385137747	29.40490204096979	35.48512084553605	46.70828405961647	36.90573281882685
pegRNA_267	p.R536C	41.196411626455316	53.63106673991057	72.64740504239596	51.39224398319014	47.527727639609736	63.26697054656031
pegRNA_268	p.R536C	115.86490769940556	120.39627227326864	110.70080768365098	95.44273882592455	103.24989107915219	101.49076525177382
pegRNA_269	p.S508R	542.4194197483283	413.72537199359584	371.02067575223646	464.9774455621965	411.3606771566222	358.5128330971751
pegRNA_270	p.S508R	636.827863058955	512.231412944452	429.83047983417606	635.061300649421	550.6660857554783	498.2273930541624
pegRNA_271	p.S508R	397.3737204801835	308.652261646016	301.8326709499546	368.31108187952935	350.7218522371201	336.10578102860165
pegRNA_272	p.S508R	375.91725609140474	375.417467179374	428.100779714119	354.8512084553605	414.6384514765953	482.41065041752233
pegRNA_273	p.S508R	328.71303443609133	188.2559893727473	185.94276290613251	370.7583315930146	262.2219455978468	253.06788218624123
pegRNA_274	p.G480R	261.76886554310147	294.42361128644785	412.5334786336056	212.9107250732163	246.65251757797466	262.29431539094793
pegRNA_275	p.G480R	474.61699227978727	500.19178571712513	555.233738538312	312.02433846936873	503.95780169586186	318.97097650557487
pegRNA_276	p.G480R	176.80126656353738	151.0425961246461	125.40325870413588	160.29485623328355	182.73591833849952	173.98416900304085
pegRNA_277	p.G480R	21.45646438877881	27.362789153015598	22.486101560741606	31.814246275308182	36.87496109969721	30.31542338689348
pegRNA_278	p.G480R	352.74427455152363	319.5973773072222	401.2904278532348	258.18484477269334	325.3191012573287	295.2458625506148
pegRNA_279	p.H210P	25.74775726653457	4.378046264482496	12.107900840399326	39.15599541576392	9.013879379925985	22.407052068573442
pegRNA_280	p.H210P	16.306912935471896	10.94511566120624	11.243050780370803	9.78899885394098	16.388871599865425	18.452866409413424
pegRNA_281	p.H210P	34.330343022046094	15.323161925688735	12.107900840399326	25.69612199159507	17.208315179858698	31.633485273280154
pegRNA_282	p.H210P	6.866068604409219	1.094511566120624	2.59455018008557	13.459873424168848	2.458330739979814	9.226433204706712
pegRNA_283	p.H210P	37.763377324250705	13.134138793447487	18.16185126059899	33.0378711320508	27.861081719771224	23.725113954960115
pegRNA_284	p.M550K	169.076939383577	363.37783995204717	188.53731308621806	133.37510938494586	201.58312067834476	199.02734484438764
pegRNA_285	p.M550K	92.69192615952446	124.77431853775113	68.32315474225334	73.41749140455735	78.66658367935405	89.62820827429377
pegRNA_286	p.M550K	96.12496046172906	117.11273757490676	45.837053181511735	75.86474111804259	73.74992219939442	97.5365795926138
pegRNA_287	p.M550K	151.05350929700282	329.4479814023078	148.754210324906	165.18935566025402	171.2637082185937	237.25113954960116
pegRNA_288	p.M550K	145.04569926814474	313.03030791049844	128.86265894424997	137.0459839551737	154.8748366187283	267.5665629364946
pegRNA_289	p.V465L	22.314722964329963	55.82008987215182	33.72915234111241	29.366996561822937	39.333291839677024	69.85727997849368
pegRNA_290	p.V465L	54.0702902597226	67.85971709947869	48.431603361597304	79.53561568827045	77.02769651936751	36.90573281882685
pegRNA_291	p.V465L	96.12496046172906	154.326130823008	72.64740504239596	97.8899885394098	101.61100391916564	50.086351682693575
pegRNA_292	p.V465L	41.196411626455316	58.00911300439307	36.32370252119798	63.628492550616365	40.97217899966357	52.72247545546692
pegRNA_293	p.V465L	9.440844331062676	13.134138793447487	9.513350660313757	24.47249713485245	18.02775875985197	17.13480452302675
pegRNA_294	p.Glu79Gln	70.3772031951945	32.83534698361872	41.51280288136912	47.721369412962275	43.430509739643384	55.35859922824027
pegRNA_295	p.Glu79Gln	93.5501847350756	45.969485777066204	51.02615354168287	116.24436139054913	99.15267317918583	56.676661114626945
pegRNA_296	p.Glu79Gln	201.6907652545208	179.49989684378232	182.48336266601842	137.0459839551737	195.02757203839857	192.43703541245426
pegRNA_297	p.Glu79Gln	171.65171511023047	167.46026961645546	118.4844582239077	151.72948223608518	167.98593389862063	151.5771169344674
pegRNA_298	p.Glu79Gln	107.28232194389405	164.1767349180936	140.97055978464928	162.7421059467688	108.98599613910508	166.0757976847208
pegRNA_299	p.Arg34Gly	1315.7103963199165	1236.798069716305	1599.9726110527681	2553.705076021853	1120.179373850802	1001.7270336538716
pegRNA_300	p.Arg34Gly	2344.7624284057483	2231.7090833199522	2711.30493818942	1751.0071699986927	1647.9010393664687	1630.4425534603147
pegRNA_301	p.Arg34Gly	1769.7291827864763	1854.102593008337	2297.906609495786	1405.9449603972732	1512.6928486675788	1485.4557459577807
pegRNA_302	p.Arg34Gly	1922.4992092345813	2182.4560628445242	2640.3872332670817	1607.843061759806	1951.9146075439724	1891.4188069648758
pegRNA_303	p.Arg34Gly	1655.580792238173	1503.8588918497373	2092.937145269026	1295.8187232904372	1568.4150121071214	1369.4662999557534
pegRNA_304	p.Gly31Glu	2606.53129394885	2526.1326946064	3612.478700739142	1828.095535973478	2187.9143585820343	2023.2249956035432
pegRNA_305	p.Gly31Glu	2585.074829560071	2847.9190950458633	4015.4988287124334	2052.0188847573777	2129.733864402512	2572.856802226786
pegRNA_306	p.Gly31Glu	2415.997890176494	2248.1267568117614	3410.103786692467	1990.8376419202468	2328.0392107608836	2087.81002803649
pegRNA_307	p.Gly31Glu	2285.542586692719	2160.5658315221117	2516.713674683003	1917.4201505156893	2250.1920706615233	1828.1518364183155
pegRNA_308	p.Gly31Glu	2281.251293814963	1984.349469376691	2521.9027750431737	1946.7871470775124	1674.9426775062466	1849.2408266005023
pegRNA_309	p.Glu82Asp	508.0890767262822	448.74974210945584	641.7187445411643	349.95670902839004	317.124665457396	369.05732818826846
pegRNA_310	p.Glu82Asp	297.81572571624986	211.2407322612804	343.3454738313237	247.17222106200973	229.44420239811598	395.4185659160019
pegRNA_311	p.Glu82Asp	460.02659649541766	462.9783924690239	410.80377851354854	349.95670902839004	372.84682889693846	308.4264814144815
pegRNA_312	p.Glu82Asp	96.98321903728022	83.18287902516742	209.29371452690262	143.16410823888683	107.34710897911854	125.21587920673394
pegRNA_313	p.Glu82Asp	84.96759897956409	109.45115661206239	131.45720912433555	88.10098968546882	49.16661479959628	81.71983695597373
pegRNA_314	S45S	54.0702902597226	14.22865035956811	38.91825270128355	22.025247421367204	82.7638015793204	32.95154715966683
pegRNA_315	S45S	23.172981539881114	9.850604095085615	18.16185126059899	34.26149598879343	49.98605837958955	31.633485273280154
pegRNA_316	R71R	793.0309238092648	653.4234049740124	685.8260976026189	628.9431763657079	561.3188522953909	670.8935001708167
pegRNA_317	R71R	115.86490769940556	73.33227493008181	66.59345462219629	105.23173767986553	95.05545527921947	90.94627016068044
pegRNA_318	S102S	108.1405805194452	199.20110503395355	89.07955618293789	86.8773648287262	123.73598057898397	146.3048693889207
pegRNA_319	S102S	706.3468076785985	666.55754376746	742.0413515044729	692.5716689163243	678.4992842344286	714.3895424215768
pegRNA_320	V155V	90.117150432871	98.50604095085616	108.97110756359393	95.44273882592455	72.11103503940788	97.5365795926138
pegRNA_321	V155V	32.61382587094379	31.740835417498094	31.134602161026837	46.49774455621965	45.8888404796232	63.26697054656031
pegRNA_322	Q163Q	164.78564650582126	193.72854720335044	203.23976410670298	137.0459839551737	133.56930353890323	159.48548825278743
pegRNA_323	Q163Q	159.63609505251435	113.82920287654488	102.91715714339426	132.1514845282032	105.708221819132	134.44231241144067
pegRNA_324	C171C	668.5834303543477	669.8410784658219	499.0184846364579	650.9684237870752	720.2909068140855	643.2142005566965
pegRNA_325	C171C	2.574775726653457	4.378046264482496	0.8648500600285233	3.670874570227867	1.6388871599865427	1.318061886386673
pegRNA_326	A184A	537.2698682950214	423.57597608868144	444.53293085466095	335.2732107474786	399.06902345672313	548.313744736856
pegRNA_327	A184A	130.45530348377517	77.7103211945643	108.1062575035654	101.56086310963767	84.40268873930695	84.35596072874708
pegRNA_328	G186G	257.4775726653457	239.69803298041666	198.91551380656034	227.59422335412776	242.5552996780083	216.1621493674144
pegRNA_329	G186G	115.86490769940556	51.442043607669326	189.4021631462466	78.31199083152784	79.48602725934732	96.21851770622713
pegRNA_330	E192E	114.14839054830327	64.57618240111681	101.18745702333722	83.20649025849832	62.27771207948862	100.17270336538715
pegRNA_331	E192E	83.25108182846178	67.85971709947869	85.6201559428238	86.8773648287262	59.81938133950881	80.40177506958706
pegRNA_332	H210H	223.14722964329962	257.2102180383466	255.99561776844288	288.7754661912589	246.65251757797466	192.43703541245426
pegRNA_333	H210H	12.873878633267285	33.92985854973934	6.918800480228186	9.78899885394098	7.3749922199394415	21.08899018218677
pegRNA_334	S224S	24.88949869098342	49.25302047542808	65.72860456216777	58.733993123645874	81.12491441933386	55.35859922824027
pegRNA_335	S224S	307.25657004731255	219.99682479024543	256.8604678284714	413.58520157900637	344.98574717716724	374.32957573381515
pegRNA_336	R234R	120.15620057716133	132.4358995005955	125.40325870413588	146.8349828091147	99.15267317918583	183.21060220774757
pegRNA_337	R234R	235.16284970101574	224.37487105472792	233.5095162077013	210.46347535973106	159.7914980986879	204.29959238993433
pegRNA_338	L237L	42.05467020200646	132.4358995005955	63.99890444211072	52.615868839932766	57.361050599528994	83.0378988423604
pegRNA_339	L237L	23.172981539881114	39.40241638034246	23.35095162077013	37.932370559021294	30.31941245975104	34.2696090460535
pegRNA_340	N238N	113.2901319727521	129.15236480223362	108.1062575035654	96.66636368266717	94.2360116992262	170.02998334388084
pegRNA_341	N238N	115.86490769940556	193.72854720335044	150.48391044496304	161.51848109002617	120.45820625901088	200.3454067307743
pegRNA_342	R240R	38.62163589980186	70.04874023171993	57.94495402191106	64.85211740735899	39.333291839677024	30.31542338689348
pegRNA_343	R240R	58.36158313747836	113.82920287654488	69.18800480228187	57.51036826690326	50.80550195958282	133.12425052505398
pegRNA_344	R260R	69.51894461964334	74.42678649620242	64.86375450213924	79.53561568827045	68.01381713944151	79.08371318320039
pegRNA_345	R260R	12.015620057716133	0.0	6.918800480228186	12.236248567426225	4.916661479959628	9.226433204706712
pegRNA_346	R272R	36.0468601731484	31.740835417498094	75.24195522248152	31.814246275308182	49.98605837958955	32.95154715966683
pegRNA_347	R272R	14.59039578436959	25.17376602077435	21.621251500713083	17.130747994396714	11.4722101199058	25.043175841346788
pegRNA_348	H274H	17.165171511023047	19.70120819017123	43.242503001426165	41.60324512924916	41.79162257965684	40.85991847798687
pegRNA_349	H274H	123.58923487936595	188.2559893727473	178.15911236587579	89.32461454221144	98.33322959919256	121.26169354757393
pegRNA_350	P278P	15.448654359920743	9.850604095085615	8.648500600285233	20.80162256462458	9.013879379925985	10.544495091093385
pegRNA_351	P278P	194.82469665011158	178.4053852776617	182.48336266601842	156.62398166305567	141.76373933883593	164.75773579833412
pegRNA_352	L281L	66.94416889298988	59.103624570513695	75.24195522248152	67.29936712084424	75.38880935938096	59.31278488740029
pegRNA_353	L281L	60.93635886413182	54.725578306031196	52.75585366173992	91.77186425569668	49.16661479959628	63.26697054656031
pegRNA_354	C297C	39.47989447535301	14.22865035956811	12.97275090042785	15.907123137654091	18.02775875985197	27.679299614120136
pegRNA_355	C297C	119.29794200161018	101.78957564921802	154.80816074510565	134.59873424168848	110.62488329909164	162.12161202556078
pegRNA_356	Y300Y	193.10817949900928	193.72854720335044	122.8087085240503	174.97835451419502	137.66652143886958	177.93835466220088
pegRNA_357	Y300Y	94.40844331062677	52.53655517378995	27.675201920912745	68.52299197758686	76.20825293937423	85.67402261513375
pegRNA_358	H311H	99.55799476393368	116.01822600878614	84.75530588279528	129.70423481471798	104.88877823913873	115.98944600202724
pegRNA_359	H311H	101.27451191503597	172.93282744705857	95.99835666316608	111.34986196357865	86.86101947928677	119.94363166118725
pegRNA_360	R320R	112.43187339720096	163.08222335197297	142.70025990470634	192.10910250859172	138.48596501886286	89.62820827429377
pegRNA_361	R320R	36.90511874869955	67.85971709947869	38.91825270128355	64.85211740735899	61.45826849949535	21.08899018218677
pegRNA_362	G332G	18.881688662125352	12.039627227326864	43.242503001426165	18.35437285113934	55.72216343954245	36.90573281882685
pegRNA_363	G332G	179.37604229019084	182.7834315421442	145.29481008479192	121.13886081751963	117.99987551903106	160.80355013917412
pegRNA_364	G333G	168.21868080802585	117.11273757490676	85.6201559428238	135.8223590984311	140.94429575884266	130.48812675228064
pegRNA_365	G333G	27.464274417636876	41.59143951258371	39.78310276131207	30.59062141856556	23.763863819804868	50.086351682693575
pegRNA_366	P361P	30.897308719841487	25.17376602077435	19.891551380656036	37.932370559021294	54.90271985954918	26.36123772773346
pegRNA_367	P361P	6.007810028858066	1.094511566120624	1.7297001200570465	2.447249713485245	4.097217899966356	2.636123772773346
pegRNA_368	R362R	29.18079156873918	32.83534698361872	38.053402641255026	20.80162256462458	49.98605837958955	31.633485273280154
pegRNA_369	R362R	0.0	1.094511566120624	0.8648500600285233	0.0	0.8194435799932713	1.318061886386673
pegRNA_370	G364G	6.866068604409219	2.189023132241248	2.59455018008557	7.341749140455734	5.7361050599529	5.272247545546692
pegRNA_371	G364G	17.165171511023047	26.268277586894975	1.7297001200570465	23.248872278109825	6.555548639946171	5.272247545546692
pegRNA_372	V369V	0.8582585755511524	3.283534698361872	1.7297001200570465	0.0	0.8194435799932713	0.0
pegRNA_373	V369V	33.47208444649494	14.22865035956811	51.8910036017114	6.1181242837131125	32.77774319973085	3.9541856591600193
pegRNA_374	G378G	6.866068604409219	7.661580962844368	2.59455018008557	6.1181242837131125	9.013879379925985	5.272247545546692
pegRNA_375	G378G	48.920738806415685	22.984742888533102	29.40490204096979	22.025247421367204	30.31941245975104	59.31278488740029
pegRNA_376	R413R	121.87271772826364	147.75906142628423	127.13295882419293	211.68710021647368	186.83313623846587	126.53394109312062
pegRNA_377	R413R	93.5501847350756	122.58529540550988	109.83595762362245	90.54823939895407	140.94429575884266	47.45022790992023
pegRNA_378	N414N	57.50332456192721	33.92985854973934	63.99890444211072	62.40486769387375	68.01381713944151	55.35859922824027
pegRNA_379	N414N	163.9273879302701	157.60966552136983	139.24085966459225	192.10910250859172	295.81913237757095	154.21324070724074
pegRNA_380	R415R	169.93519795912817	252.83217177386413	204.1046141667315	167.6366053737393	227.80531523812942	201.663468617161
pegRNA_381	R415R	78.10153037515487	121.49078383938925	73.51225510242448	89.32461454221144	118.81931909902434	64.58503243294699
pegRNA_382	I416I	0.0	0.0	0.0	0.0	0.0	0.0
pegRNA_383	I416I	56.64506598637605	44.87497421094558	76.10680528251005	55.06311855341801	58.99993775951553	102.8088271381605
pegRNA_384	G430G	17.165171511023047	68.9542286655993	54.485553781796966	40.37962027250654	36.87496109969721	34.2696090460535
pegRNA_385	G430G	56.64506598637605	103.97859878145927	58.80980408193958	56.28674341016063	74.5693657793877	34.2696090460535
pegRNA_386	G462G	144.1874406925936	123.67980697163051	150.48391044496304	156.62398166305567	195.02757203839857	192.43703541245426
pegRNA_387	G462G	184.52559374349775	157.60966552136983	140.97055978464928	165.18935566025402	140.1248521788494	147.6229312753074
pegRNA_388	V465V	36.90511874869955	63.48167083499619	76.97165534253857	53.83949369667539	40.97217899966357	51.40441356908025
pegRNA_389	V465V	50.637255957517986	58.00911300439307	49.29645342162583	36.70874570227868	16.388871599865425	31.633485273280154
pegRNA_390	G480G	367.33467033589324	413.72537199359584	460.9650819952029	291.2227159047441	382.6801518568577	367.7392663018818
pegRNA_391	G480G	163.06912935471894	149.9480845585255	137.5111595445352	146.8349828091147	179.4581440185264	201.663468617161
pegRNA_392	S508S	45.487704504211074	78.80483276068492	113.29535786373656	52.615868839932766	69.65270429942807	102.8088271381605
pegRNA_393	S508S	90.117150432871	87.56092528964992	147.02451020484895	134.59873424168848	65.5554863994617	63.26697054656031
pegRNA_394	A510A	73.8102374973991	78.80483276068492	98.59290684325165	94.21911396918193	80.30547083934059	76.44758941042704
pegRNA_395	A510A	30.039050144290332	21.89023132241248	16.432151140541944	33.0378711320508	26.222194559784683	11.862556977480057
pegRNA_396	G524G	1810.9255944129316	1662.5630689372279	1628.5126630337093	1613.961186043519	1856.0397086847595	1522.3614787766073
pegRNA_397	G524G	3287.1303443609136	3725.7173710746038	3865.879768327499	3274.4201166432576	3126.9967012543234	3524.497484197964
pegRNA_398	R536R	36.90511874869955	27.362789153015598	36.32370252119798	61.18124283713112	43.430509739643384	31.633485273280154
pegRNA_399	R536R	138.17963066373554	166.36575805033485	151.34876050499156	118.69161110403438	154.8748366187283	130.48812675228064
pegRNA_400	G558G	47.20422165531338	26.268277586894975	35.45885246116946	23.248872278109825	45.06939689962992	57.99472300101362
pegRNA_401	G558G	270.351451298613	275.8169146623972	307.02177131012576	238.60684706481138	190.11091055843895	212.20796370825437
pegRNA_402	V568V	82.39282325291063	49.25302047542808	49.29645342162583	92.9954891124393	64.73604281946844	102.8088271381605
pegRNA_403	V568V	871.1324541844197	850.4354868757248	837.1748581076105	806.3687805933882	821.9019107332512	868.6027831288176
pegRNA_404	Y572Y	456.5935621932131	443.2771842788527	415.9928788737197	958.0982628294734	327.77743199730855	469.23003155365564
pegRNA_405	Y572Y	155.34480217475857	124.77431853775113	157.40271092519123	206.79260078950318	171.2637082185937	191.1189735260676
pegRNA_406	R601R	149.33699214590052	284.57300719136225	231.77981608764424	212.9107250732163	285.1663658376584	249.1136965270812
pegRNA_407	R601R	112.43187339720096	189.35050093886795	141.83540984467783	163.9657308035114	90.13879379925984	155.53130259362743
pegRNA_408	G603G	156.20306075030973	151.0425961246461	132.32205918436406	181.09647879790813	154.8748366187283	144.98680750253405
pegRNA_409	G603G	134.74659636153092	183.87794310826482	193.72641344638922	146.8349828091147	248.29140473796122	134.44231241144067
pegRNA_410	safe-target-1	1843.5394202838752	2168.227412484956	2284.9338585953583	1793.8340399846845	1915.0396464442751	1965.2302726025296
pegRNA_411	safe-target-2	725.2284963407237	502.3808088493664	553.5040384182549	780.6726586017932	680.9576149744084	624.761334147283
pegRNA_412	safe-target-3	1496.8029557612097	1087.9444967239	1278.2483887221574	1261.5572273016437	1302.9152921893015	1242.9323588626328
pegRNA_413	safe-target-4	1671.887705173645	1802.6605494006676	1877.589480321924	1469.5734529478896	1430.7484906682516	1833.4240839638624
pegRNA_414	safe-target-5	1112.3031139142934	1225.8529540550987	1296.4102399827564	1156.3254896217782	1198.0265139501628	1270.6116584767528
pegRNA_415	safe-target-6	3060.5500804154094	2897.1721155212917	3501.777893055491	2977.0792764548005	3222.8716001135363	2691.4823720015866
pegRNA_416	safe-target-7	2997.8972044001753	2933.290997203272	3120.379016582912	2635.6879414236087	2764.8026388972976	2616.352844477546
pegRNA_417	safe-target-8	2845.1271779520703	3000.0562027366304	3461.9947902941785	2826.573419075458	3026.205140915151	2753.43128066176
pegRNA_418	safe-target-9	78.10153037515487	157.60966552136983	107.24140744353689	52.615868839932766	117.99987551903106	67.22115620572033
pegRNA_419	safe-target-10	2094.1509243448118	1304.6577868157838	1510.0282048098015	2170.7104958614123	2481.2751602196254	1333.8786290233131
pegRNA_420	safe-target-11	296.0992085651476	305.36872694765407	298.37327070984054	391.5599541576392	307.29134249747676	312.3806670736415
pegRNA_421	safe-target-12	39.47989447535301	18.606696624050606	51.02615354168287	62.40486769387375	49.16661479959628	17.13480452302675
pegRNA_422	safe-target-13	44.629445928659926	17.512185057929983	37.1885525812265	48.9449942697049	22.9444202398116	34.2696090460535
pegRNA_423	safe-target-14	3069.132666170921	3400.6474359367785	4096.794734355115	2702.987308544453	3195.829961973758	2682.25593879688
pegRNA_424	safe-target-15	1864.995884672654	1326.5480181381963	1675.2145662752496	2088.7276304596567	2427.1918839400696	1005.6812193130315
pegRNA_425	safe-target-16	6703.857733630051	7028.953277626647	8267.101723812653	6154.833029415391	7218.478496160727	6139.532266789123
pegRNA_426	safe-target-17	5245.676413768643	6258.417135077728	7839.865794158563	5248.127010569107	5976.202028890928	5368.466063252919
pegRNA_427	safe-target-18	6077.32897347771	6247.472019416521	7892.621647820303	5807.323570100486	7008.70093968245	5705.889906167908
pegRNA_428	safe-target-19	4262.112086187022	4257.649992209227	5577.418037123946	4117.497642938924	4379.925935064035	3582.4922071989777
pegRNA_429	safe-target-20	4057.8465452058485	4674.658898901185	5833.41365489239	4001.2532815483755	4516.773012922911	3901.463183704552
pegRNA_430	safe-target-21	3043.3849089043865	3122.6414981421403	3798.4214636452743	2761.721301668099	3463.788012631558	3048.677143212375
pegRNA_431	safe-target-22	2327.5972568947254	2668.419198202081	2751.952891010761	2357.9250989430334	2410.803012340204	2559.6761833629193
pegRNA_432	safe-target-23	3246.7921913100095	3270.4005595684243	3772.4759618444186	2777.6284248057527	3075.3717557147475	2649.304391637213
pegRNA_433	safe-target-24	21.45646438877881	31.740835417498094	4.324250300142617	4.89449942697049	14.749984439878883	1.318061886386673
pegRNA_434	safe-target-25	815.3456467735947	647.9508471434094	785.2838545058992	701.1370429135227	837.4713387531233	814.562245786964
pegRNA_435	safe-target-26	708.0633248297007	543.97224836195	622.6920432205368	696.2425434865522	834.1935644331502	566.7666111462694
pegRNA_436	safe-target-27	2488.0916105227907	2560.0625531561395	3149.7839186238816	1932.1036487966007	1995.3451172836158	2506.953707907452
pegRNA_437	safe-target-28	236.87936685211807	130.24687636835424	146.15966014482044	192.10910250859172	120.45820625901088	212.20796370825437
pegRNA_438	safe-target-29	175.94300798798625	132.4358995005955	186.80761296616103	143.16410823888683	111.4443268790849	159.48548825278743
pegRNA_439	safe-target-30	14.59039578436959	0.0	4.324250300142617	0.0	19.666645919838512	0.0
pegRNA_440	safe-target-31	3242.5008984322535	3328.4096725728173	4185.874290538052	3178.977377817333	3878.426464108153	3459.912451765017
pegRNA_441	safe-target-32	3645.882428941295	3625.0223069915064	4436.680807946324	3440.8330971602545	3530.9823861910063	3533.7239174026704
pegRNA_442	safe-target-33	3309.4450673252436	3145.626241030673	3980.0399762512643	3367.415605755697	3376.107549572278	3284.610220875589
pegRNA_443	safe-target-34	56.64506598637605	68.9542286655993	24.215801680798652	37.932370559021294	75.38880935938096	65.90309431933366
pegRNA_444	safe-target-35	1828.9490244995056	2007.3342122652243	2374.878264838325	1894.1712782375796	2286.247588181227	2039.0417382401833
pegRNA_445	safe-target-36	2080.418787135993	2140.8646233319405	2522.7676251032026	1944.3398973640271	2507.49735477941	1948.0954680795028
pegRNA_446	safe-target-37	6478.99398683565	6885.572262464845	7103.013543014262	5284.835756271386	6623.562457085613	6251.567527131991
pegRNA_447	safe-target-38	5571.814672478081	5518.527316380186	6431.889896432128	5008.2965386475535	5514.855293354716	5040.268653542638
pegRNA_448	safe-target-39	5880.787759676496	6604.282789971845	7249.173203159082	5226.101763147741	6082.729694290053	5912.825622330615
pegRNA_449	safe-target-40	5558.940793844814	5783.399115381377	6509.726401834695	4675.470577613561	5647.605153313626	5342.104825525186
pegRNA_450	safe-target-41	1546.5819531431766	1333.11508753492	1630.2423631537663	1228.519356169593	1720.0120744058765	1389.2372282515535
pegRNA_451	safe-target-42	510.66385245293566	488.1521584897983	590.6925909994814	506.5806906914457	2255.1087321414825	431.0062368484421
pegRNA_452	safe-target-43	520.9629553595495	541.7832252297088	717.8255498236744	539.6185618234965	692.4298250943143	482.41065041752233
pegRNA_453	safe-target-44	4097.326439681201	4558.6406728923985	5422.60987637884	4181.1261354895405	5329.661044276237	4370.693215258208
pegRNA_454	safe-target-45	4241.513880373795	4356.156033160083	5005.752147445092	3612.1405771042214	4157.037281305866	4137.396261367767
pegRNA_455	safe-target-46	2882.0322967007696	2572.1021803834665	2889.464050555296	2357.9250989430334	2267.4003858413816	2393.6003856781986
pegRNA_456	safe-target-47	2184.2680747776826	2271.1114997002946	2677.575785848308	2010.4156396281287	2209.2198916618595	2029.8153050354765
pegRNA_457	safe-target-48	1719.9501854045093	1759.9745983219634	1865.4815794815247	1742.4417960014944	1653.6371444264216	1800.4725368041954
pegRNA_458	safe-target-49	2423.722217356454	2332.4041474030496	2860.9239985743548	2334.6762266649234	2555.0250824190202	2347.4682196546646
pegRNA_459	safe-target-50	1041.0676521435478	963.1701781861491	1199.5470332595619	904.258769132798	1266.8597746695975	989.8644766763915
pegRNA_460	non-target-1	2349.053721283504	2403.54739920089	2048.8297922075717	1924.761899656145	2164.969938342223	2263.1122589259176
pegRNA_461	non-target-2	532.1203168417145	887.6488801238261	616.6380928003371	613.0360532280539	639.1659923947516	611.5807152834163
pegRNA_462	non-target-3	1.7165171511023047	0.0	0.0	0.0	1.6388871599865427	0.0
pegRNA_463	non-target-4	549.2854883527375	478.30155439471264	444.53293085466095	610.5888035145686	449.0550818363127	631.3516435792164
pegRNA_464	non-target-5	1016.1781534525644	2393.6967951058045	1573.1622591918838	991.1361339615241	965.3045372320736	1658.1218530744347
pegRNA_465	non-target-6	889.1558842709939	1036.502453116231	938.3623151309478	922.6131419839373	790.7630546935069	792.1551937183905
pegRNA_466	non-target-7	1349.1824807664116	1427.2430822212937	1581.8107597921692	1137.971116770639	1403.7068525284737	1356.2856810918865
pegRNA_467	non-target-8	1080.547546618901	1116.4017974430365	1567.9731588317127	1075.5662490767652	1170.9848758103847	1194.1640690663257
pegRNA_468	non-target-9	497.7899738196684	453.1277883739383	607.9895922000519	532.2768126830408	553.1244164954581	710.4353567624167
pegRNA_469	non-target-10	1813.500370139585	1981.0659346783293	2235.6374051737325	1546.6618189226747	1810.1508682051365	1445.9138893661805
pegRNA_470	non-target-11	1375.7884966084973	1251.026720075873	1375.111595445352	1320.2912204252896	1192.2904088902098	1393.1914139107134
pegRNA_471	non-target-12	1192.1211614405506	1200.6791880343244	1467.650551868404	1081.6843733604783	1385.679093768622	1148.0319030427922
pegRNA_472	non-target-13	2057.2458055961124	1904.4501250498856	2412.93166747958	1733.876422004296	1616.7621833267244	2090.4461518092635
pegRNA_473	non-target-14	1707.9345653467933	1627.538698821368	1795.4287246192143	1338.645593276429	1286.526420589436	1634.3967391194747
pegRNA_474	non-target-15	1320.0016891976722	1384.5571311425892	1324.085441903669	860.2082742900636	1293.9014128093754	1464.366755775594
pegRNA_475	non-target-16	1174.9559899295275	1363.7614113862974	1571.4325590718267	1103.7096207818454	1102.9710586709432	1206.026626043806
pegRNA_476	non-target-17	767.2831665427302	789.1428391729698	774.0408037255283	757.4237863236833	568.6938445153303	794.7913174911639
pegRNA_477	non-target-18	2165.3863861155573	2609.3155736315675	3007.948508779204	1930.8800239398581	2550.1084209390606	2931.369635323961
pegRNA_478	non-target-19	1682.1868080802587	1912.11170601273	2086.883194848827	1673.9188040239076	1519.248397307525	1692.3914621204883
pegRNA_479	non-target-20	2028.9232726029243	1977.7823999799675	2555.6319273842864	1950.4580216477402	2066.6367087430303	1845.2866409413423
pegRNA_480	non-target-21	2167.1029032666597	2248.1267568117614	2511.5245743228315	1933.3272736533434	1990.428455803656	2359.330776632145
pegRNA_481	non-target-22	1939.6643807456044	2077.382952496944	2453.5796203009204	1704.509425442473	1712.637082185937	1793.8822273722622
pegRNA_482	non-target-23	3070.8491833220232	2442.9498155812325	2828.059696293271	2258.811485546881	2481.2751602196254	2405.4629426556785
pegRNA_483	non-target-24	2136.2055945468182	2468.123581602007	2538.3349261837157	1594.383188335637	1975.6784713637771	2139.2144416055703
pegRNA_484	non-target-25	1513.1098686966816	1434.904663184138	1995.2090884858032	1443.8773309562946	1618.401070486711	1666.0302243927547
pegRNA_485	non-target-26	914.0453829619772	929.2403196364097	944.4162655511474	704.8079174837505	861.2352025729282	992.5006004491648
pegRNA_486	non-target-27	2113.890871582488	1932.907425769022	2203.637952952677	1578.476065197983	1646.2621522064821	1664.712162506368
pegRNA_487	non-target-28	1192.9794200161018	1115.3072858769158	1301.5993403429275	855.313774863093	1191.4709653102166	1112.444232110352
pegRNA_488	non-target-29	2728.4040116771134	2764.7362160206962	3578.749548398029	2496.19470775495	2616.4833509185155	2814.062127435547
pegRNA_489	non-target-30	2488.0916105227907	2690.3094295244937	2724.277689089848	2350.5833498025777	2476.358498739666	2336.9237245635713
pegRNA_490	non-target-31	2785.9073362390404	3073.388477666712	3862.4203680873848	2552.4814511651102	2846.7469968966248	3101.399618667842
pegRNA_491	non-target-32	1489.9368871568006	1804.849572532909	1877.589480321924	1607.843061759806	1624.1371755466637	1597.4910063006478
pegRNA_492	non-target-33	1107.1535624609864	1395.5022468037955	1323.2205918436407	1189.363360753829	1108.7071637308961	1258.749101499273
pegRNA_493	non-target-34	1671.0294465980937	1542.166796663959	1497.9203039694023	1697.1676763020173	1683.1371133061793	1826.8337745319288
pegRNA_494	non-target-35	1973.9947237676504	2129.919507670734	2115.423246829768	1683.7078028778485	1653.6371444264216	1809.698970008902
pegRNA_495	non-target-36	1990.3016367031223	2468.123581602007	2852.27549797407	1885.6059042403813	2387.0391485203995	2284.2012491081045
pegRNA_496	non-target-37	1349.1824807664116	1636.2947913503328	1722.7813195768183	1128.182117916698	1320.9430509491533	1535.5420976404741
pegRNA_497	non-target-38	1132.04306115197	1029.9353837195072	1230.6816354205887	1085.3552479307061	1061.1794360912863	1296.9728962044862
pegRNA_498	non-target-39	2427.155251658659	2507.5259979823495	3089.2444144218853	2171.9341207181546	2304.275346941079	2471.366036975012
pegRNA_499	non-target-40	1986.0103438253666	2155.0932736915083	2306.5551100960715	1658.0116808862533	1962.567374083885	2549.1316882718256
pegRNA_500	non-target-41	1120.0274410942538	1270.7279282660445	1347.4363935244392	1305.6077221443782	1158.6932221104857	1324.6521958186065
