id	num	neg|score	neg|p-value	neg|fdr	neg|rank	neg|goodsgrna	neg|lfc	pos|score	pos|p-value	pos|fdr	pos|rank	pos|goodsgrna	pos|lfc
p.Gly31Glu	15	1.973e-07	0.00033867	0.06841	1	13	-0.33302	0.99954	0.95555	1.0	161	0	-0.33302
p.Arg34Gly	15	3.487e-06	0.0023856	0.16063	2	11	-0.35323	0.17909	0.00012451	0.00068	54	1	-0.35323
safe-target-27	3	0.00054004	0.0014094	0.142354	3	3	-0.35938	0.99946	0.99874	1.0	160	0	-0.35938
p.G364C	15	0.0014019	0.10446	1.0	4	9	-0.63289	0.058572	4.9804e-06	3.6e-05	23	5	-0.63289
p.Glu82Asp	15	0.0014717	0.1064	1.0	5	9	-0.39356	0.88654	0.17394	0.281087	141	2	-0.39356
safe-target-24	3	0.0015187	0.0084915	0.428823	6	3	-1.1997	0.99848	0.99219	1.0	159	0	-1.1997
p.R601L	15	0.005015	0.20423	1.0	7	6	-0.1045	0.35382	0.0014593	0.004711	78	4	-0.1045
V369V	6	0.0059344	0.085628	1.0	8	4	-1.342	0.36978	0.0063898	0.016548	81	1	-1.342
V465V	6	0.0060457	0.12346	1.0	9	5	-0.59636	0.73133	0.11577	0.196515	121	1	-0.59636
safe-target-19	3	0.007021	0.055915	1.0	10	1	-0.049789	0.80749	0.4651	0.695931	128	0	-0.049789
safe-target-30	3	0.0080134	0.058255	1.0	11	2	-2.4126	0.007021	4.9804e-06	3.6e-05	11	1	-2.4126
safe-target-17	3	0.011018	0.087699	1.0	12	1	-0.066558	0.866	0.55694	0.803586	137	0	-0.066558
p.A510V	15	0.011189	0.28565	1.0	13	6	-0.27479	0.52631	0.011679	0.028109	99	3	-0.27479
p.G524C	15	0.011812	0.29558	1.0	14	8	-0.19616	0.59125	0.015036	0.034911	108	2	-0.19616
p.M550K	15	0.012316	0.30806	1.0	15	6	-0.33228	0.14267	4.4823e-05	0.000274	47	4	-0.33228
safe-target-9	3	0.013188	0.096993	1.0	16	3	-0.56105	0.98681	0.93551	1.0	157	0	-0.56105
safe-target-46	3	0.014944	0.10443	1.0	17	3	-0.27152	0.98506	0.92751	1.0	156	0	-0.27152
safe-target-20	3	0.016994	0.11466	1.0	18	1	-0.049558	0.8855	0.63635	0.905227	140	0	-0.049558
safe-target-14	3	0.022946	0.13806	1.0	19	2	-0.18321	0.95581	0.81793	1.0	152	0	-0.18321
R240R	6	0.028717	0.25014	1.0	20	3	-0.41884	0.15197	0.0021764	0.006869	48	2	-0.41884
G430G	6	0.02899	0.25014	1.0	21	4	-0.56395	0.31302	0.0063898	0.016548	72	1	-0.56395
G558G	6	0.029986	0.25447	1.0	22	3	-0.35513	0.17542	0.0029733	0.008964	53	2	-0.35513
safe-target-18	3	0.030844	0.14639	1.0	23	1	-0.065553	0.49708	0.052926	0.10182	96	1	-0.065553
safe-target-40	3	0.031459	0.14639	1.0	24	2	-0.24965	0.9072	0.67267	0.924356	146	0	-0.24965
safe-target-15	3	0.034777	0.16081	1.0	25	1	0.16337	0.052343	0.00037353	0.00154	21	2	0.16337
safe-target-16	3	0.046512	0.19851	1.0	26	1	-0.12325	0.80344	0.4651	0.695931	127	0	-0.12325
safe-target-23	3	0.056218	0.21038	1.0	27	2	-0.22509	0.95402	0.81793	1.0	151	0	-0.22509
p.N238K	15	0.0619	0.62345	1.0	28	4	0.062184	0.3976	0.0014692	0.004711	85	4	0.062184
p.G378C	15	0.063393	0.6261	1.0	29	4	0.38948	0.0091464	4.9804e-06	3.6e-05	12	8	0.38948
safe-target-45	3	0.064754	0.21039	1.0	30	2	-0.23167	0.94141	0.77675	1.0	149	0	-0.23167
p.V369L	15	0.067192	0.62965	1.0	31	7	-0.067877	0.00011091	4.9804e-06	3.6e-05	3	4	-0.067877
p.P361L	15	0.067586	0.62966	1.0	32	6	-0.10393	0.020131	4.9804e-06	3.6e-05	13	4	-0.10393
p.G480R	15	0.078694	0.66752	1.0	33	6	-0.14057	0.79083	0.14814	0.243305	126	3	-0.14057
safe-target-37	3	0.082555	0.25849	1.0	34	2	-0.18419	0.93706	0.75807	1.0	148	0	-0.18419
safe-target-38	3	0.10376	0.31177	1.0	35	2	-0.1538	0.86809	0.55694	0.803586	138	0	-0.1538
p.L237V	15	0.11856	0.73005	1.0	36	1	0.17699	0.13753	2.4902e-05	0.000157	46	6	0.17699
safe-target-39	3	0.11997	0.37264	1.0	37	2	-0.17024	0.97729	0.90459	1.0	155	0	-0.17024
safe-target-12	3	0.12048	0.37264	1.0	38	1	0.64739	0.057058	0.00037353	0.00154	22	2	0.64739
safe-target-41	3	0.12755	0.39073	1.0	39	2	-0.23064	0.30514	0.030694	0.064606	70	1	-0.23064
H274H	6	0.13175	0.55	1.0	40	3	-0.27193	0.078604	0.00016435	0.00079	32	2	-0.27193
p.R240L	12	0.13953	0.70278	1.0	41	5	-0.35477	0.35642	0.0060113	0.016548	79	4	-0.35477
safe-target-6	3	0.14063	0.40916	1.0	42	1	-0.03988	0.57869	0.14002	0.233775	106	1	-0.03988
safe-target-7	3	0.14254	0.40916	1.0	43	2	-0.18571	0.95086	0.81012	1.0	150	0	-0.18571
H210H	6	0.14517	0.56062	1.0	44	2	-0.21152	0.23934	0.0063799	0.016548	61	2	-0.21152
safe-target-47	3	0.15149	0.42927	1.0	45	1	-0.1196	0.90173	0.66095	0.920773	144	0	-0.1196
R272R	6	0.15629	0.5858	1.0	46	2	0.014099	0.65168	0.11576	0.196515	115	1	0.014099
safe-target-1	3	0.1589	0.448	1.0	47	2	-0.17905	0.89914	0.66095	0.920773	143	0	-0.17905
p.G462V	15	0.15957	0.80011	1.0	48	4	-0.082808	0.60621	0.015036	0.034911	111	3	-0.082808
safe-target-43	3	0.16225	0.466	1.0	49	1	0.050664	0.40414	0.052917	0.10182	87	1	0.050664
safe-target-4	3	0.16501	0.466	1.0	50	2	-0.18596	0.89427	0.64877	0.916443	142	0	-0.18596
S508S	6	0.16613	0.59653	1.0	51	2	-0.15728	0.56545	0.078715	0.140712	105	1	-0.15728
p.G558R	15	0.17139	0.80245	1.0	52	5	0.24349	0.081091	4.9804e-06	3.6e-05	35	6	0.24349
safe-target-50	3	0.17355	0.48131	1.0	53	2	-0.20305	0.30357	0.030694	0.064606	69	1	-0.20305
R601R	6	0.17986	0.64991	1.0	54	1	0.11786	0.1905	0.004049	0.011684	59	2	0.11786
safe-target-44	3	0.18	0.48132	1.0	55	1	0.029202	0.38834	0.030704	0.064606	83	1	0.029202
safe-target-32	3	0.18176	0.48132	1.0	56	1	-0.083487	0.90512	0.67267	0.924356	145	0	-0.083487
L237L	6	0.18665	0.65503	1.0	57	1	0.34356	0.16574	0.0029633	0.008964	51	3	0.34356
safe-target-36	3	0.19052	0.4888	1.0	58	1	-0.097545	0.46329	0.052926	0.10182	94	1	-0.097545
p.G430C	15	0.19186	0.81703	1.0	59	6	-0.27318	0.3973	0.0014692	0.004711	84	4	-0.27318
p.I416F	15	0.19565	0.82721	1.0	60	5	0.23377	0.079258	4.9804e-06	3.6e-05	33	5	0.23377
safe-target-8	3	0.20268	0.48881	1.0	61	1	-0.0094356	0.85183	0.55693	0.803586	136	0	-0.0094356
safe-target-21	3	0.21301	0.49634	1.0	62	1	-0.14006	0.58319	0.14003	0.233775	107	1	-0.14006
G364G	6	0.21665	0.66818	1.0	63	1	0.60996	0.092084	0.00017431	0.0008	39	3	0.60996
R413R	6	0.21993	0.66818	1.0	64	1	0.096529	0.35318	0.0063898	0.016548	77	2	0.096529
G332G	6	0.22777	0.66819	1.0	65	2	-0.1309	0.072128	0.00016435	0.00079	28	1	-0.1309
p.G332C	15	0.22786	0.85792	1.0	66	3	0.05866	0.13104	2.4902e-05	0.000157	44	3	0.05866
G186G	6	0.22968	0.66819	1.0	67	2	-0.080113	0.60595	0.078715	0.140712	110	1	-0.080113
R320R	6	0.23888	0.67343	1.0	68	2	-0.18753	0.13085	0.00128	0.004536	43	2	-0.18753
p.G603V	15	0.24203	0.8665	1.0	69	5	-0.22679	0.26642	0.00052294	0.002031	64	5	-0.22679
A184A	6	0.24254	0.67343	1.0	70	2	-0.21997	0.74191	0.11577	0.196515	123	1	-0.21997
H311H	6	0.24572	0.67343	1.0	71	1	0.22693	0.18291	0.004049	0.011684	56	3	0.22693
p.R415H	15	0.2604	0.87503	1.0	72	3	0.28681	0.023962	4.9804e-06	3.6e-05	16	7	0.28681
p.S45F	15	0.26135	0.87503	1.0	73	4	-0.2145	0.075622	4.9804e-06	3.6e-05	31	5	-0.2145
safe-target-31	3	0.27636	0.56668	1.0	74	1	-0.028535	0.43629	0.052917	0.10182	90	1	-0.028535
safe-target-33	3	0.27798	0.56668	1.0	75	1	0.025045	0.69756	0.28553	0.44367	119	0	0.025045
p.R234W	15	0.29106	0.8963	1.0	76	2	0.022542	0.17421	0.00012451	0.00068	52	4	0.022542
p.H311R	15	0.29921	0.90069	1.0	77	5	-0.09704	0.37227	0.0014593	0.004711	82	4	-0.09704
safe-target-42	3	0.3004	0.5907	1.0	78	1	-0.011559	0.001005	4.9804e-06	3.6e-05	6	1	-0.011559
p.Y572C	15	0.31406	0.90586	1.0	79	2	-0.10527	0.99827	0.85948	1.0	158	0	-0.10527
safe-target-49	3	0.31613	0.59893	1.0	80	1	-0.053979	0.64896	0.24613	0.391475	114	0	-0.053979
S45S	6	0.3247	0.73894	1.0	81	1	0.65641	0.0017811	4.9804e-06	3.6e-05	7	4	0.65641
p.R320Q	15	0.32936	0.92194	1.0	82	2	0.2808	0.0068116	4.9804e-06	3.6e-05	10	8	0.2808
C297C	6	0.36978	0.77485	1.0	83	1	0.14585	0.43768	0.022178	0.049776	91	1	0.14585
p.R320L	15	0.37159	0.93059	1.0	84	2	0.21927	0.0061604	4.9804e-06	3.6e-05	9	6	0.21927
G378G	6	0.40714	0.82493	1.0	85	1	0.29712	0.33081	0.0063898	0.016548	73	2	0.29712
p.R362Q	15	0.40957	0.94571	1.0	86	3	0.25883	0.020505	4.9804e-06	3.6e-05	14	7	0.25883
N238N	6	0.41371	0.82879	1.0	87	2	0.09187	0.083181	0.00017431	0.0008	37	3	0.09187
G480G	6	0.42184	0.83267	1.0	88	2	-0.13128	0.54498	0.078705	0.140712	101	1	-0.13128
p.H274R	15	0.43369	0.95063	1.0	89	3	0.49599	0.0021856	4.9804e-06	3.6e-05	8	9	0.49599
S102S	6	0.44016	0.84672	1.0	90	1	-0.041543	0.4573	0.031162	0.064895	93	1	-0.041543
Y300Y	6	0.44929	0.85898	1.0	91	2	0.19338	0.075104	0.00016435	0.00079	30	3	0.19338
R234R	6	0.45089	0.85898	1.0	92	2	-0.17564	0.55939	0.078715	0.140712	103	1	-0.17564
p.S102L	15	0.46159	0.95725	1.0	93	4	0.12857	0.066649	4.9804e-06	3.6e-05	26	6	0.12857
Q163Q	6	0.46686	0.8622	1.0	94	2	-0.26745	0.78084	0.15308	0.249375	124	1	-0.26745
safe-target-35	3	0.49962	0.72437	1.0	95	1	0.050525	0.54387	0.097531	0.171315	100	1	0.050525
safe-target-3	3	0.51094	0.75614	1.0	96	1	-0.040388	0.47384	0.052926	0.10182	95	1	-0.040388
p.S224F	15	0.52452	0.96894	1.0	97	2	0.56772	5.241e-05	4.9804e-06	3.6e-05	2	10	0.56772
p.Q163L	15	0.5278	0.96895	1.0	98	4	-0.069441	0.78748	0.062738	0.119557	125	3	-0.069441
p.V465L	15	0.53751	0.97059	1.0	99	4	0.38126	0.062007	4.9804e-06	3.6e-05	24	6	0.38126
safe-target-34	3	0.53789	0.77944	1.0	100	1	0.12695	0.086835	0.00086161	0.003164	38	1	0.12695
p.R413L	15	0.54229	0.9706	1.0	101	3	0.17523	0.051323	4.9804e-06	3.6e-05	20	6	0.17523
p.P278S	15	0.55832	0.9757	1.0	102	3	0.086507	0.34501	0.0014593	0.004711	75	3	0.086507
C171C	6	0.56344	0.89466	1.0	103	1	0.20923	0.62764	0.078715	0.140712	113	1	0.20923
p.W450L	15	0.57324	0.97643	1.0	104	4	-0.10659	0.42676	0.0029434	0.008964	89	2	-0.10659
G524G	6	0.57539	0.90001	1.0	105	1	-0.11526	0.84838	0.29749	0.458729	134	0	-0.11526
safe-target-25	3	0.60089	0.81903	1.0	106	1	0.052745	0.3589	0.030704	0.064606	80	1	0.052745
safe-target-28	3	0.60739	0.81903	1.0	107	1	-0.11182	0.33315	0.030704	0.064606	74	1	-0.11182
P361P	6	0.61692	0.90301	1.0	108	1	0.40144	0.080935	0.00016435	0.00079	34	2	0.40144
Y572Y	6	0.61873	0.90301	1.0	109	1	0.34441	0.04612	0.00012451	0.00068	18	4	0.34441
safe-target-10	3	0.62019	0.84124	1.0	110	0	0.051778	0.046512	0.00037353	0.00154	19	1	0.051778
p.G480W	15	0.63658	0.98299	1.0	111	3	0.011047	0.7327	0.03946	0.080513	122	3	0.011047
safe-target-22	3	0.64089	0.85514	1.0	112	0	-0.10446	0.84613	0.54284	0.800401	133	0	-0.10446
safe-target-29	3	0.64393	0.85514	1.0	113	0	-0.24694	0.96359	0.82599	1.0	153	0	-0.24694
p.R71L	15	0.64615	0.98522	1.0	114	2	-0.11471	0.59175	0.015036	0.034911	109	3	-0.11471
p.Glu79Gln	15	0.65703	0.98523	1.0	115	3	0.14875	0.19018	0.00036357	0.00154	58	6	0.14875
G603G	6	0.65995	0.9082	1.0	116	1	0.127	0.66483	0.11576	0.196515	116	1	0.127
p.G333C	15	0.66352	0.98523	1.0	117	3	0.048143	0.30317	0.00083172	0.003111	68	3	0.048143
G333G	6	0.67125	0.90821	1.0	118	1	0.20775	0.54914	0.078705	0.140712	102	1	0.20775
R71R	6	0.68068	0.91062	1.0	119	1	-0.08467	0.44125	0.022178	0.049776	92	2	-0.08467
safe-target-26	3	0.73403	0.91775	1.0	120	0	-0.024254	0.18	0.0094777	0.023931	55	1	-0.024254
safe-target-48	3	0.75977	0.93078	1.0	121	0	-0.051145	0.849	0.54285	0.800401	135	0	-0.051145
p.R71W	15	0.76025	0.99302	1.0	122	2	-0.081674	0.56145	0.011689	0.028109	104	4	-0.081674
p.C171F	15	0.77373	0.9946	1.0	123	3	0.10571	0.13331	2.4902e-05	0.000157	45	6	0.10571
p.R260L	15	0.77434	0.9946	1.0	124	2	0.00020615	0.27244	0.00052294	0.002031	65	4	0.00020615
p.W252C	15	0.78543	0.99482	1.0	125	1	0.009099	0.67808	0.016958	0.038927	118	2	0.009099
p.N414I	15	0.78872	0.99497	1.0	126	2	0.18334	0.1612	5.4784e-05	0.000325	49	6	0.18334
R362R	5	0.79802	0.95435	1.0	127	0	-0.20312	0.61999	0.094533	0.167505	112	1	-0.20312
E192E	6	0.80258	0.95554	1.0	128	1	-0.070558	0.97334	0.76255	1.0	154	0	-0.070558
p.V155F	15	0.80849	0.99537	1.0	129	2	0.1198	0.35052	0.0014593	0.004711	76	5	0.1198
V155V	6	0.81474	0.96188	1.0	130	1	0.29038	0.12428	0.00127	0.004536	42	3	0.29038
safe-target-13	3	0.83247	0.96918	1.0	131	0	0.13037	0.67243	0.26619	0.416819	117	0	0.13037
P278P	6	0.83808	0.96756	1.0	132	1	-0.13117	0.87747	0.43186	0.660882	139	0	-0.13117
p.W252L	15	0.84503	0.99648	1.0	133	2	0.083692	0.082131	4.9804e-06	3.6e-05	36	6	0.083692
safe-target-5	3	0.85958	0.97557	1.0	134	0	-0.028977	0.80816	0.4651	0.695931	129	0	-0.028977
p.L281M	15	0.8617	0.99697	1.0	135	2	0.22801	0.063062	4.9804e-06	3.6e-05	25	6	0.22801
A510A	6	0.86203	0.97503	1.0	136	0	0.079966	0.82814	0.26124	0.412263	130	1	0.079966
I416I	3	0.86965	0.97928	1.0	137	0	0.38725	0.16194	0.0069875	0.017867	50	2	0.38725
p.P278L	15	0.8732	0.99742	1.0	138	2	-0.084758	0.28618	0.0005329	0.002031	67	5	-0.084758
p.C297F	15	0.88522	0.99791	1.0	139	1	0.10769	0.21998	0.00037353	0.00154	60	5	0.10769
L281L	6	0.88759	0.98095	1.0	140	0	0.13259	0.50302	0.078705	0.140712	97	2	0.13259
safe-target-11	3	0.88879	0.98627	1.0	141	0	0.065971	0.40556	0.052917	0.10182	88	1	0.065971
p.E192K	15	0.88915	0.99792	1.0	142	1	-0.21284	0.50436	0.0098064	0.024455	98	2	-0.21284
p.R272C	15	0.90367	0.99824	1.0	143	1	0.20596	0.039004	4.9804e-06	3.6e-05	17	6	0.20596
p.G186C	15	0.90497	0.99824	1.0	144	2	0.25676	0.02176	4.9804e-06	3.6e-05	15	8	0.25676
R536R	6	0.92188	0.99327	1.0	145	0	-0.14818	0.25811	0.0063799	0.016548	63	2	-0.14818
p.W403C	15	0.92489	0.99889	1.0	146	2	0.31095	0.072289	4.9804e-06	3.6e-05	29	7	0.31095
S224S	6	0.92747	0.99328	1.0	147	0	0.59413	0.00030991	4.9804e-06	3.6e-05	4	5	0.59413
V568V	6	0.93845	0.99461	1.0	148	0	0.11289	0.28308	0.0063799	0.016548	66	2	0.11289
R415R	6	0.94001	0.99509	1.0	149	0	-0.025672	0.92702	0.57043	0.817208	147	0	-0.025672
G462G	6	0.94078	0.99509	1.0	150	0	0.092318	0.40066	0.010394	0.025605	86	2	0.092318
N414N	6	0.94266	0.9951	1.0	151	0	0.18697	0.070643	0.00016435	0.00079	27	2	0.18697
safe-target-2	3	0.95272	0.99732	1.0	152	0	0.17441	0.30987	0.030694	0.064606	71	1	0.17441
p.R413C	15	0.95866	0.99922	1.0	153	1	0.14855	0.11278	4.9804e-06	3.6e-05	40	5	0.14855
p.Y300C	15	0.96116	0.99924	1.0	154	1	0.18707	0.12202	1.4941e-05	0.000104	41	4	0.18707
R260R	6	0.96688	0.99833	1.0	155	0	0.23682	0.18326	0.004049	0.011684	57	1	0.23682
p.R536C	9	0.96893	0.99851	1.0	156	0	-0.12415	0.82857	0.18302	0.293419	131	1	-0.12415
p.V568F	15	0.96942	0.99936	1.0	157	1	0.21302	0.2435	0.00040341	0.00163	62	4	0.21302
p.H210P	15	0.98313	0.99964	1.0	158	1	0.66802	0.00060769	4.9804e-06	3.6e-05	5	10	0.66802
p.A184G	15	0.98792	0.99983	1.0	159	1	0.22905	8.6387e-08	4.9804e-06	3.6e-05	1	7	0.22905
p.M161I	15	0.9884	0.99983	1.0	160	1	0.146	0.8421	0.14815	0.243305	132	2	0.146
p.S508R	15	0.99386	0.99995	1.0	161	0	0.143	0.71735	0.033573	0.069201	120	2	0.143
