id	num	neg|score	neg|p-value	neg|fdr	neg|rank	neg|goodsgrna	neg|lfc	pos|score	pos|p-value	pos|fdr	pos|rank	pos|goodsgrna	pos|lfc
non-target-5	1	0.0010081	0.00097112	0.194223	1	1	-0.67738	0.99899	0.99902	0.999019	200	0	-0.67738
p.R234W	5	0.0027399	0.0095767	0.661465	2	4	-0.45435	0.34682	0.48591	0.979675	76	1	-0.45435
p.A510V	5	0.003284	0.011499	0.661465	3	3	-0.55928	0.61171	0.64049	0.996542	116	1	-0.55928
p.M550K	5	0.0085111	0.026658	0.661465	4	3	-0.38931	0.99824	0.99829	0.999019	199	0	-0.38931
V369V	2	0.0087891	0.017136	0.661465	5	2	-1.5146	0.99121	0.99079	0.999019	197	0	-1.5146
G186G	2	0.012073	0.023332	0.661465	6	2	-0.48564	0.98793	0.9875	0.999019	195	0	-0.48564
H210H	2	0.012521	0.024258	0.661465	7	2	-0.68148	0.98748	0.98693	0.999019	194	0	-0.68148
G332G	2	0.014063	0.026638	0.661465	8	1	-0.28635	0.42381	0.42241	0.975313	91	1	-0.28635
p.G430C	5	0.01503	0.041071	0.727009	9	2	0.20776	0.55154	0.6027	0.996542	113	1	0.20776
p.G332C	5	0.015713	0.042535	0.727009	10	2	0.25351	0.66102	0.67515	0.996542	126	1	0.25351
G378G	2	0.015878	0.029766	0.661465	11	2	-0.7938	0.98412	0.98363	0.999019	192	0	-0.7938
E192E	2	0.028341	0.051549	0.793059	12	2	-0.46109	0.97166	0.97096	0.999019	189	0	-0.46109
p.G333C	5	0.029765	0.072983	0.87128	13	3	-0.39763	0.99611	0.99629	0.999019	198	0	-0.39763
V465V	2	0.033981	0.061599	0.821315	14	1	-0.57967	0.72204	0.72023	0.996542	138	0	-0.57967
p.G558R	5	0.03545	0.084587	0.87993	15	2	-0.28803	0.60216	0.63417	0.996542	115	1	-0.28803
p.S45F	5	0.041995	0.098621	0.89655	16	2	-0.11632	0.75132	0.7514	0.996542	144	1	-0.11632
non-target-2	1	0.043347	0.043621	0.727009	17	1	-0.36931	0.95665	0.95725	0.999019	188	0	-0.36931
p.R601L	5	0.044547	0.1038	0.900721	18	1	0.076407	0.29731	0.4293	0.975313	71	2	0.076407
G364G	2	0.049768	0.082027	0.87993	19	1	-0.85023	0.76097	0.75827	0.996542	145	0	-0.85023
safe-target-24	1	0.055444	0.055603	0.794323	20	1	-1.4115	0.94456	0.94477	0.999019	186	0	-1.4115
p.P278S	5	0.059953	0.13487	0.900721	21	3	-0.34306	0.62108	0.64678	0.996542	118	1	-0.34306
H311H	2	0.06932	0.097963	0.89655	22	1	-0.35984	0.80594	0.80313	0.996542	153	0	-0.35984
p.S102L	5	0.069748	0.14869	0.900721	23	2	0.0071423	0.89751	0.89689	0.996542	180	0	0.0071423
p.Arg34Gly	5	0.073353	0.15312	0.900721	24	1	-0.056008	0.98183	0.98156	0.999019	191	0	-0.056008
non-target-10	1	0.073589	0.074059	0.87128	25	1	-0.22313	0.92641	0.92698	0.999019	183	0	-0.22313
I416I	1	0.087702	0.087993	0.87993	26	1	-0.58629	0.9123	0.91294	0.999019	181	0	-0.58629
C171C	2	0.092513	0.11761	0.900721	27	1	-0.63213	0.17871	0.20295	0.876415	43	1	-0.63213
p.G462V	5	0.10146	0.18824	0.918254	28	1	-0.11062	0.79149	0.79184	0.996542	152	0	-0.11062
p.V465L	5	0.10586	0.19361	0.921955	29	2	-0.27286	0.94995	0.94988	0.999019	187	0	-0.27286
S508S	2	0.11162	0.13343	0.900721	30	1	-0.17055	0.36419	0.3646	0.968644	79	1	-0.17055
p.Y300C	5	0.11238	0.20105	0.926136	31	2	0.1724	0.31017	0.44415	0.975313	73	1	0.1724
non-target-28	1	0.11391	0.11442	0.900721	32	1	-0.20439	0.88609	0.88703	0.996542	178	0	-0.20439
non-target-33	1	0.12198	0.1226	0.900721	33	1	-0.19225	0.87802	0.87872	0.996542	174	0	-0.19225
A184A	2	0.13052	0.14935	0.900721	34	1	-0.13987	0.22198	0.23907	0.876415	51	1	-0.13987
p.E192K	5	0.13787	0.23162	0.970057	35	1	-0.12412	0.98452	0.9844	0.999019	193	0	-0.12412
safe-target-14	1	0.1381	0.13861	0.900721	36	1	-0.13776	0.8619	0.86297	0.996542	169	0	-0.13776
safe-target-4	1	0.14012	0.14062	0.900721	37	1	-0.16659	0.85988	0.86086	0.996542	167	0	-0.16659
safe-target-18	1	0.14415	0.14469	0.900721	38	1	-0.10478	0.85585	0.85658	0.996542	166	0	-0.10478
non-target-13	1	0.16431	0.16393	0.918254	39	1	-0.14315	0.83569	0.83657	0.996542	164	0	-0.14315
p.R240L	4	0.16642	0.26045	0.97289	40	2	-0.17667	0.16947	0.26944	0.876415	40	1	-0.17667
safe-target-38	1	0.17036	0.17029	0.918254	41	1	-0.097084	0.82964	0.8305	0.996542	162	0	-0.097084
S45S	2	0.17139	0.1844	0.918254	42	1	0.014373	0.16771	0.19385	0.876415	39	1	0.014373
p.Glu79Gln	5	0.17309	0.27422	0.97289	43	1	0.092068	0.36081	0.50203	0.984366	77	2	0.092068
safe-target-3	1	0.1744	0.17458	0.918254	44	1	-0.14558	0.8256	0.82662	0.996542	160	0	-0.14558
non-target-15	1	0.17843	0.17824	0.918254	45	1	-0.14006	0.82157	0.82261	0.996542	157	0	-0.14006
safe-target-27	1	0.18044	0.1799	0.918254	46	1	-0.12068	0.81956	0.8207	0.996542	156	0	-0.12068
R240R	2	0.19326	0.20375	0.926136	47	1	-0.40187	0.88459	0.88328	0.996542	177	0	-0.40187
p.S508R	5	0.20715	0.31658	0.97289	48	1	-0.023213	0.87257	0.87247	0.996542	172	0	-0.023213
safe-target-17	1	0.21069	0.21032	0.934772	49	0	-0.077984	0.78931	0.79117	0.996542	151	0	-0.077984
non-target-14	1	0.22883	0.22883	0.970057	50	0	-0.11096	0.77117	0.77285	0.996542	149	0	-0.11096
non-target-26	1	0.23286	0.23281	0.970057	51	0	-0.12588	0.76714	0.7688	0.996542	147	0	-0.12588
p.G186C	5	0.23937	0.35642	0.97289	52	2	-0.15945	0.099467	0.21079	0.876415	29	2	-0.15945
L237L	2	0.24317	0.24841	0.97289	53	1	-0.28774	0.82667	0.82471	0.996542	161	0	-0.28774
non-target-35	1	0.24899	0.24901	0.97289	54	0	-0.096678	0.75101	0.7524	0.996542	143	0	-0.096678
p.Glu82Asp	5	0.25983	0.38128	0.97289	55	2	0.060411	0.069748	0.15532	0.876415	22	2	0.060411
p.W252L	5	0.26396	0.38658	0.97289	56	2	-0.053577	0.87062	0.87031	0.996542	171	0	-0.053577
P278P	2	0.26407	0.26749	0.97289	57	1	-0.43245	0.88045	0.87929	0.996542	175	0	-0.43245
safe-target-50	1	0.26512	0.26586	0.97289	58	0	-0.10631	0.73488	0.73615	0.996542	141	0	-0.10631
non-target-6	1	0.27117	0.27189	0.97289	59	0	-0.10652	0.72883	0.73041	0.996542	140	0	-0.10652
p.Q163L	5	0.2719	0.39598	0.97289	60	1	-0.082721	0.76429	0.76427	0.996542	146	0	-0.082721
N238N	2	0.27441	0.27705	0.97289	61	1	-0.19115	0.76879	0.76588	0.996542	148	0	-0.19115
safe-target-19	1	0.2873	0.28753	0.97289	62	0	-0.057991	0.7127	0.71363	0.996542	137	0	-0.057991
safe-target-43	1	0.28931	0.28979	0.97289	63	0	-0.10833	0.71069	0.7115	0.996542	136	0	-0.10833
non-target-22	1	0.29335	0.29383	0.97289	64	0	-0.073252	0.70665	0.70737	0.996542	134	0	-0.073252
safe-target-13	1	0.31351	0.31388	0.97289	65	0	-0.22027	0.68649	0.68793	0.996542	131	0	-0.22027
G558G	2	0.31504	0.31464	0.97289	66	1	0.0093571	0.47759	0.47454	0.975313	102	0	0.0093571
Q163Q	2	0.3217	0.32118	0.97289	67	1	-0.12452	0.6779	0.67583	0.996542	129	0	-0.12452
H274H	2	0.33163	0.3307	0.97289	68	1	-0.2379	0.88184	0.88062	0.996542	176	0	-0.2379
non-target-12	1	0.33165	0.33183	0.97289	69	0	-0.065866	0.66835	0.67061	0.996542	128	0	-0.065866
p.H274R	5	0.34682	0.43886	0.97289	70	1	0.38718	0.0097792	0.03123	0.604763	6	4	0.38718
p.R71W	5	0.35396	0.44275	0.97289	71	1	-0.08127	0.28741	0.41849	0.975313	67	1	-0.08127
safe-target-25	1	0.35585	0.35636	0.97289	72	0	-0.063821	0.64415	0.6468	0.996542	123	0	-0.063821
non-target-17	1	0.35786	0.35814	0.97289	73	0	-0.064669	0.64214	0.64451	0.996542	122	0	-0.064669
p.V369L	5	0.36103	0.44686	0.97289	74	1	0.27515	0.0050302	0.017216	0.579183	5	2	0.27515
R362R	2	0.3674	0.36584	0.97289	75	1	0.090976	0.4115	0.41003	0.975313	89	1	0.090976
non-target-39	1	0.38609	0.38663	0.97289	76	0	-0.037129	0.61391	0.61559	0.996542	117	0	-0.037129
G430G	2	0.39279	0.39051	0.97289	77	0	-0.25038	0.8748	0.87375	0.996542	173	0	-0.25038
S102S	2	0.39593	0.39397	0.97289	78	0	-0.13614	0.8233	0.8211	0.996542	159	0	-0.13614
Y300Y	2	0.42074	0.4191	0.97289	79	0	0.32225	0.084815	0.12774	0.876415	25	1	0.32225
p.G364C	5	0.42844	0.48696	0.97289	80	1	-0.16133	0.98809	0.9881	0.999019	196	0	-0.16133
safe-target-9	1	0.43246	0.43251	0.97289	81	0	-0.06123	0.56754	0.56852	0.996542	114	0	-0.06123
p.W450L	5	0.43486	0.49093	0.97289	82	1	0.01523	0.74123	0.74203	0.996542	142	1	0.01523
R272R	2	0.45103	0.44868	0.97289	83	0	-0.14878	0.72838	0.72619	0.996542	139	0	-0.14878
non-target-9	1	0.45262	0.45266	0.97289	84	0	-0.017746	0.54738	0.54776	0.987967	112	0	-0.017746
non-target-27	1	0.45867	0.45869	0.97289	85	0	-0.010272	0.54133	0.54134	0.987967	111	0	-0.010272
p.P278L	5	0.46607	0.51097	0.97289	86	1	-0.1642	0.89587	0.89527	0.996542	179	0	-0.1642
safe-target-7	1	0.46875	0.46841	0.97289	87	0	-0.0052774	0.53125	0.53127	0.987967	108	0	-0.0052774
safe-target-16	1	0.47077	0.47054	0.97289	88	0	-0.0031679	0.52923	0.52915	0.987967	107	0	-0.0031679
p.C171F	5	0.48413	0.52321	0.97289	89	1	0.27228	0.010056	0.032226	0.604763	7	3	0.27228
non-target-32	1	0.50504	0.50505	0.97289	90	0	0.0035238	0.49496	0.49474	0.979675	105	0	0.0035238
p.G603V	5	0.50744	0.539	0.97289	91	1	0.14007	0.046614	0.11133	0.876415	16	2	0.14007
G462G	2	0.51759	0.51469	0.97289	92	0	0.046812	0.39593	0.3946	0.972464	87	1	0.046812
p.R260L	5	0.51878	0.54718	0.97289	93	1	-0.15781	0.63927	0.65959	0.996542	120	1	-0.15781
R536R	2	0.52318	0.51991	0.97289	94	0	-0.1124	0.8216	0.8193	0.996542	158	0	-0.1124
safe-target-2	1	0.52319	0.52325	0.97289	95	0	0.0089159	0.47681	0.47692	0.975313	101	0	0.0089159
p.R536C	3	0.53415	0.53257	0.97289	96	0	-0.24012	0.97423	0.97394	0.999019	190	0	-0.24012
non-target-23	1	0.54133	0.54134	0.97289	97	0	0.0098424	0.45867	0.45869	0.975313	100	0	0.0098424
non-target-38	1	0.54335	0.54342	0.97289	98	0	0.013128	0.45665	0.45677	0.975313	99	0	0.013128
safe-target-20	1	0.54536	0.54562	0.97289	99	0	0.0090619	0.45464	0.45471	0.975313	98	0	0.0090619
safe-target-15	1	0.54738	0.54776	0.97289	100	0	0.012146	0.45262	0.45266	0.975313	96	0	0.012146
non-target-24	1	0.56552	0.56654	0.97289	101	0	0.018171	0.43448	0.43467	0.975313	94	0	0.018171
p.N238K	5	0.56724	0.5829	0.97289	102	1	-0.0061373	0.69752	0.70359	0.996542	133	1	-0.0061373
safe-target-26	1	0.57157	0.57235	0.97289	103	0	0.028127	0.42843	0.42848	0.975313	93	0	0.028127
non-target-25	1	0.5756	0.57631	0.97289	104	0	0.024136	0.4244	0.42464	0.975313	92	0	0.024136
p.A184G	5	0.58249	0.59547	0.97289	105	1	0.016432	0.0002515	0.0011006	0.11006	2	2	0.016432
p.G524C	5	0.58748	0.59941	0.97289	106	1	0.067444	0.80818	0.80843	0.996542	154	0	0.067444
G524G	2	0.59282	0.59098	0.97289	107	0	0.04919	0.36097	0.36148	0.968644	78	1	0.04919
R71R	2	0.59795	0.59644	0.97289	108	0	0.080319	0.22553	0.24199	0.876415	53	1	0.080319
safe-target-33	1	0.60181	0.60339	0.97289	109	0	0.033585	0.39819	0.39871	0.972464	88	0	0.033585
R260R	2	0.60305	0.60131	0.97289	110	0	0.1401	0.51899	0.51609	0.987967	106	0	0.1401
G603G	2	0.60559	0.60379	0.97289	111	0	-0.016518	0.65697	0.65516	0.996542	125	0	-0.016518
safe-target-23	1	0.60585	0.60752	0.97289	112	0	0.040495	0.39415	0.39451	0.972464	86	0	0.040495
safe-target-42	1	0.61794	0.61978	0.97289	113	0	0.077357	0.38206	0.38258	0.968644	84	0	0.077357
safe-target-11	1	0.61996	0.62167	0.97289	114	0	0.092608	0.38004	0.38053	0.968644	83	0	0.092608
safe-target-32	1	0.62601	0.62804	0.97289	115	0	0.045152	0.37399	0.37434	0.968644	82	0	0.045152
safe-target-47	1	0.63206	0.63445	0.97289	116	0	0.054504	0.36794	0.36827	0.968644	81	0	0.054504
G480G	2	0.63295	0.63119	0.97289	117	0	-0.058636	0.81817	0.81572	0.996542	155	0	-0.058636
p.Gly31Glu	5	0.63927	0.64244	0.97289	118	1	-0.015107	0.83362	0.83351	0.996542	163	0	-0.015107
p.G378C	5	0.64371	0.64641	0.97289	119	1	0.23777	0.54082	0.59644	0.996542	110	1	0.23777
A510A	2	0.64746	0.6456	0.97289	120	0	-0.05146	0.78404	0.78104	0.996542	150	0	-0.05146
p.Y572C	5	0.66102	0.66217	0.97289	121	1	0.032648	0.8605	0.86042	0.996542	168	0	0.032648
p.H311R	5	0.66524	0.66608	0.97289	122	1	-0.10575	0.86257	0.8624	0.996542	170	0	-0.10575
C297C	2	0.68473	0.68248	0.97289	123	0	0.070835	0.4805	0.47744	0.975313	103	0	0.070835
p.W403C	5	0.68572	0.68681	0.97289	124	0	0.0027718	0.44121	0.5417	0.987967	95	1	0.0027718
non-target-40	1	0.69052	0.69173	0.97289	125	0	0.080342	0.30948	0.30979	0.901799	72	0	0.080342
safe-target-5	1	0.70464	0.70564	0.97289	126	0	0.096634	0.29536	0.2961	0.883882	70	0	0.096634
p.R362Q	5	0.70519	0.70569	0.97289	127	0	0.26797	0.33962	0.4779	0.975313	75	1	0.26797
non-target-41	1	0.70665	0.70737	0.97289	128	0	0.096356	0.29335	0.29383	0.883882	69	0	0.096356
non-target-8	1	0.70867	0.70933	0.97289	129	0	0.099715	0.29133	0.29168	0.883882	68	0	0.099715
p.G480R	5	0.70896	0.70961	0.97289	130	0	-0.064961	0.94318	0.94355	0.999019	185	0	-0.064961
safe-target-44	1	0.7127	0.71363	0.97289	131	0	0.069232	0.2873	0.28753	0.883882	66	0	0.069232
G333G	2	0.71563	0.71354	0.97289	132	0	0.034918	0.66635	0.66425	0.996542	127	0	0.034918
safe-target-21	1	0.7248	0.72637	0.97289	133	0	0.07915	0.2752	0.27607	0.876415	65	0	0.07915
safe-target-48	1	0.72681	0.72838	0.97289	134	0	0.093634	0.27319	0.2739	0.876415	64	0	0.093634
non-target-29	1	0.72883	0.73041	0.97289	135	0	0.083045	0.27117	0.27189	0.876415	63	0	0.083045
non-target-11	1	0.73488	0.73615	0.97289	136	0	0.10475	0.26512	0.26586	0.876415	62	0	0.10475
safe-target-6	1	0.7369	0.7382	0.97289	137	0	0.082052	0.2631	0.26362	0.876415	61	0	0.082052
safe-target-49	1	0.74093	0.74247	0.97289	138	0	0.092443	0.25907	0.25939	0.876415	60	0	0.092443
p.W252C	5	0.74123	0.74152	0.97289	139	0	-0.048455	0.65245	0.66901	0.996542	124	1	-0.048455
P361P	2	0.74289	0.74045	0.97289	140	0	0.21297	0.537	0.53426	0.987967	109	0	0.21297
N414N	2	0.74697	0.74459	0.97289	141	0	0.21581	0.3117	0.31682	0.905194	74	1	0.21581
safe-target-36	1	0.74698	0.7485	0.97289	142	0	0.099705	0.25302	0.25298	0.876415	59	0	0.099705
p.L237V	5	0.74799	0.74809	0.97289	143	0	-0.15617	0.45376	0.54832	0.987967	97	1	-0.15617
L281L	2	0.74899	0.74659	0.97289	144	0	0.049777	0.64024	0.63806	0.996542	121	0	0.049777
safe-target-46	1	0.75101	0.7524	0.97289	145	0	0.09728	0.24899	0.24901	0.876415	58	0	0.09728
p.H210P	5	0.75461	0.75456	0.97289	146	0	0.28105	0.70896	0.7135	0.996542	135	1	0.28105
non-target-4	1	0.75504	0.75657	0.97289	147	0	0.1513	0.24496	0.24505	0.876415	57	1	0.1513
p.L281M	5	0.75787	0.75782	0.97289	148	0	-0.1851	0.63479	0.65613	0.996542	119	1	-0.1851
V568V	2	0.76293	0.76016	0.97289	149	0	0.016866	0.68473	0.68248	0.996542	130	0	0.016866
non-target-16	1	0.76512	0.76668	0.97289	150	0	0.12952	0.23488	0.23467	0.876415	56	1	0.12952
p.R413L	5	0.77056	0.77082	0.97289	151	0	-0.064315	0.23195	0.35658	0.968644	55	2	-0.064315
p.I416F	5	0.77365	0.77386	0.97289	152	0	0.47517	0.033019	0.084079	0.876415	12	3	0.47517
safe-target-39	1	0.7752	0.77691	0.97289	153	0	0.083635	0.2248	0.22447	0.876415	52	1	0.083635
safe-target-45	1	0.78931	0.79117	0.97289	154	0	0.1022	0.21069	0.21032	0.876415	50	1	0.1022
non-target-19	1	0.79335	0.79501	0.97289	155	0	0.13719	0.20665	0.20637	0.876415	49	1	0.13719
p.M161I	5	0.79997	0.80013	0.97289	156	0	-0.0082119	0.9128	0.91299	0.999019	182	0	-0.0082119
safe-target-8	1	0.80141	0.80347	0.97289	157	0	0.11758	0.19859	0.19814	0.876415	47	1	0.11758
p.P361L	5	0.8135	0.81404	0.97289	158	0	0.31462	0.05143	0.1209	0.876415	17	2	0.31462
safe-target-29	1	0.81351	0.81484	0.97289	159	0	0.31086	0.18649	0.18597	0.876415	45	1	0.31086
safe-target-37	1	0.81956	0.8207	0.97289	160	0	0.10116	0.18044	0.1799	0.876415	44	1	0.10116
non-target-31	1	0.82157	0.82261	0.97289	161	0	0.12784	0.17843	0.17824	0.876415	42	1	0.12784
safe-target-31	1	0.8256	0.82662	0.97289	162	0	0.12504	0.1744	0.17458	0.876415	41	1	0.12504
p.R71L	5	0.82876	0.82912	0.97289	163	0	0.070391	0.41544	0.52932	0.987967	90	1	0.070391
safe-target-28	1	0.83367	0.83441	0.97289	164	0	0.31048	0.16633	0.16613	0.876415	38	1	0.31048
R234R	2	0.83496	0.83333	0.97289	165	0	0.17564	0.3674	0.36771	0.968644	80	1	0.17564
p.R272C	5	0.836	0.83576	0.97289	166	0	0.17083	0.044547	0.10717	0.876415	15	2	0.17083
non-target-30	1	0.83972	0.84069	0.97289	167	0	0.14737	0.16028	0.15985	0.876415	37	1	0.14737
safe-target-41	1	0.84375	0.84457	0.97289	168	0	0.17843	0.15625	0.15563	0.876415	36	1	0.17843
p.V155F	5	0.84528	0.84525	0.97289	169	0	0.16691	0.084354	0.18232	0.876415	24	3	0.16691
non-target-7	1	0.84577	0.84653	0.97289	170	0	0.18304	0.15423	0.15401	0.876415	35	1	0.18304
non-target-20	1	0.84778	0.84869	0.97289	171	0	0.16387	0.15222	0.15206	0.876415	34	1	0.16387
S224S	2	0.84937	0.84755	0.97289	172	0	0.23189	0.22907	0.24498	0.876415	54	1	0.23189
p.C297F	5	0.84976	0.8496	0.97289	173	0	-0.0044792	0.84976	0.8496	0.996542	165	0	-0.0044792
p.R413C	5	0.85196	0.85182	0.97289	174	0	0.14168	0.19172	0.31112	0.901799	46	2	0.14168
safe-target-40	1	0.85786	0.85885	0.97289	175	0	0.12505	0.14214	0.14285	0.876415	33	1	0.12505
non-target-37	1	0.85988	0.86086	0.97289	176	0	0.18975	0.14012	0.14062	0.876415	32	1	0.18975
safe-target-1	1	0.8619	0.86297	0.97289	177	0	0.175	0.1381	0.13861	0.876415	31	1	0.175
R601R	2	0.8748	0.87375	0.97289	178	0	0.36286	0.092513	0.13382	0.876415	27	1	0.36286
p.R415H	5	0.8764	0.87656	0.97289	179	0	0.2511	0.078251	0.17085	0.876415	23	2	0.2511
p.V568F	5	0.88379	0.88371	0.97289	180	0	-0.031005	0.68969	0.69738	0.996542	132	1	-0.031005
non-target-21	1	0.88407	0.8847	0.97289	181	0	0.19955	0.11593	0.11639	0.876415	30	1	0.19955
R415R	2	0.89001	0.88879	0.97289	182	0	0.33355	0.20409	0.22419	0.876415	48	1	0.33355
V155V	2	0.89134	0.89019	0.97289	183	0	0.28213	0.38333	0.38261	0.968644	85	1	0.28213
safe-target-22	1	0.90423	0.90521	0.98085	184	0	0.20293	0.095766	0.09622	0.876415	28	1	0.20293
Y572Y	2	0.90793	0.90729	0.98085	185	0	0.15277	0.49493	0.49183	0.979675	104	0	0.15277
non-target-36	1	0.91431	0.9149	0.981268	186	0	0.22538	0.085685	0.08613	0.876415	26	1	0.22538
p.G480W	5	0.91701	0.91757	0.981268	187	0	-0.013569	0.93226	0.93278	0.999019	184	0	-0.013569
p.R320L	5	0.92367	0.92396	0.981268	188	0	0.42124	0.017924	0.053511	0.823245	10	3	0.42124
non-target-18	1	0.93246	0.93289	0.981268	189	0	0.24698	0.06754	0.067864	0.848294	21	1	0.24698
safe-target-35	1	0.93851	0.93885	0.981268	190	0	0.27567	0.061492	0.062007	0.82676	20	1	0.27567
non-target-1	1	0.94052	0.94083	0.981268	191	0	0.27251	0.059476	0.059935	0.82676	19	1	0.27251
R320R	2	0.94292	0.94202	0.981268	192	0	0.36893	0.057079	0.10131	0.876415	18	2	0.36893
non-target-34	1	0.96069	0.9611	0.992802	193	0	0.35154	0.039315	0.039318	0.655295	14	1	0.35154
safe-target-10	1	0.96673	0.96733	0.992802	194	0	0.34249	0.033266	0.033262	0.604763	13	1	0.34249
safe-target-12	1	0.96875	0.96918	0.992802	195	0	1.0176	0.03125	0.03133	0.604763	11	1	1.0176
p.R320Q	5	0.97785	0.97744	0.992802	196	0	0.44984	0.0042947	0.014885	0.579183	4	4	0.44984
R413R	2	0.98256	0.98203	0.992802	197	0	0.43215	0.017439	0.032266	0.604763	9	2	0.43215
safe-target-34	1	0.98286	0.98287	0.992802	198	0	1.2354	0.017137	0.017375	0.579183	8	1	1.2354
p.S224F	5	0.99461	0.99469	0.999685	199	0	0.74908	0.0015283	0.0061703	0.411355	3	4	0.74908
p.N414I	5	0.99993	0.99995	0.999945	200	0	0.54661	6.6724e-05	0.00026394	0.052789	1	5	0.54661
